Id,Id Provincia,Distrito,Zona sismica,Latitud,Longitud
1,1,ASUNCIÓN ,2,-5.9950059,-77.7544069
2,1,BALSAS ,2,-6.8355968,-78.018516
3,1,CHACHAPOYAS ,2,-6.3718272,-77.8093378
4,1,CHETO ,2,-6.2553433,-77.7005901
5,1,CHILIQUÍN ,2,-6.0798116,-77.7560102
6,1,CHUQUIBAMBA ,2,-6.9347224,-77.8546995
7,1,GRANADA ,2,-6.1066744,-77.6282412
8,1,HUANCAS ,2,-6.1737297,-77.8647931
9,1,LA JALCA ,2,-6.4845144,-77.8154878
10,1,LEIMEBAMBA ,2,-6.7079646,-77.8043876
11,1,LEVANTO ,2,-6.3082358,-77.899056
12,1,MAGDALENA ,2,-6.3726216,-77.901915
13,1,MARISCAL CASTILLA ,2,-6.5823766,-77.7698162
14,1,MOLINOPAMPA ,2,-6.208833,-77.6692964
15,1,MONTEVIDEO ,2,-6.6182405,-77.8024123
16,1,OLLEROS ,2,-6.0025798,-77.6766833
17,1,QUINJALCA ,2,-6.0991376,-77.6739119
18,1,SAN  FRANCISCO  DE DAGUAS ,2,-6.228968,-77.7329893
19,1,SAN ISIDRO DE MAINO ,2,-6.3494721,-77.8387903
20,1,SOLOCO ,2,-6.2603269,-77.7447758
21,1,SONCHE ,2,-6.1742436,-77.7879257
22,2,ARAMANGO ,2,-5.4166377,-78.4380835
23,2,BAGUA ,2,-5.0414506,-78.3903932
24,2,COPALLÍN ,2,-5.6748583,-78.4229173
25,2,EL PARCO ,2,-5.6251674,-78.4756715
26,2,IMAZA ,2,-4.9924016,-78.3829771
27,2,LA PECA ,2,-5.6122226,-78.4373718
28,3,CHISQUILLA ,2,-5.902208,-77.7276305
29,3,CHURUJA ,2,-6.0100117,-77.9273373
30,3,COROSHA ,2,-5.8227256,-77.8023293
31,3,CUISPES ,2,-5.909203,-77.9143124
32,3,FLORIDA ,2,-5.8262269,-77.9691875
33,3,JAZÁN ,2,-5.9406895,-78.0214318
34,3,JUMBILLA ,2,-5.9043393,-77.7980217
35,3,RECTA ,2,-5.9363559,-77.7740986
36,3,SAN CARLOS ,2,-6.0066058,-77.8554794
37,3,SHIPASBAMBA ,2,-5.9099591,-77.9808638
38,3,VALERA ,2,-6.0783357,-77.8704203
39,3,YAMBRASBAMBA ,2,-5.4705272,-77.8483829
40,4,EL CENEPA ,2,-4.0445016,-78.3559023
41,4,NIEVA ,2,-4.8986276,-77.953714
42,4,RÍO SANTIAGO ,2,-3.7542916,-77.9181529
43,5,CAMPORREDONDO ,2,-6.2152175,-78.3203232
44,5,COCABAMBA ,2,-6.6323195,-78.0132333
45,5,COLCAMAR ,2,-6.2988616,-77.9726865
46,5,CONILA ,2,-6.1153759,-78.2132816
47,5,INGUILPATA ,2,-6.2547417,-78.0130499
48,5,LÁMUD ,2,-6.1390013,-77.9519237
49,5,LONGUITA ,2,-6.4030263,-78.0036764
50,5,LONYA CHICO ,2,-6.2071724,-78.0366728
51,5,LUYA ,2,-6.2988616,-77.9726865
52,5,LUYA VIEJO ,2,-6.1038992,-78.1323497
53,5,MARÍA ,2,-6.4293408,-77.9603576
54,5,OCALLI ,2,-6.2353261,-78.2685931
55,5,OCUMAL ,2,-6.3544697,-78.1493139
56,5,PISUQUIA ,2,-6.4703841,-78.0920018
57,5,PROVIDENCIA ,2,-6.315809,-78.2931775
58,5,SAN CRISTÓBAL ,2,-6.0777959,-77.9467902
59,5,SAN  FRANCISCO  DEL YESO ,2,-6.6274101,-77.8624737
60,5,SAN JERÓNIMO ,2,-6.0036035,-78.0641406
61,5,SAN  JUAN ,2,-4.3595969,-77.694981
62,5,LOPECANCHA ,2,-6.4795147,-77.9026638
63,5,SANTA CATALINA ,2,-6.077409,-78.0957726
64,5,SANTO TOMÁS ,2,-6.5731418,-77.8656837
65,5,TINGO ,2,-6.3903984,-77.9416773
66,5,TRITA ,2,-6.1555302,-77.9810816
67,5,BAGUA GRANDE ,2,-5.754216,-78.4421686
68,5,CAJARURO ,2,-5.7369151,-78.4299829
69,5,CUMBA ,2,-5.9356569,-78.6640646
70,5,EL MILAGRO ,2,-5.6376206,-78.55816
71,5,JAMALCA ,2,-5.8942887,-78.2383681
72,5,LONYA GRANDE ,2,-6.0965677,-78.4213209
73,5,YAMÓN ,2,-6.0077734,-78.5259826
74,7,CHIRIMOTO ,2,-6.5396037,-77.4200595
75,7,COCHAMAL ,2,-6.4088881,-77.5775042
76,7,HUAMBO ,2,-6.4289457,-77.5378361
77,7,LIMABAMBA ,2,-6.498057,-77.4985751
78,7,LONGAR ,2,-6.3854681,-77.546239
79,7,MARISCAL BENAVIDES ,2,-6.3866552,-77.5039959
80,7,MILPUC ,2,-6.4986968,-77.4400442
81,7,OMIA ,2,-6.4034053,-77.3479863
82,7,SAN NICOLÁS ,2,-6.3717523,-77.4542606
83,7,SANTA ROSA ,2,-6.4531491,-77.4553291
84,7,TOTORA ,2,-6.4927301,-77.4719348
85,7,VISTA ALEGRE ,3,-6.1502716,-77.3033308
86,8,CHACCHO ,2,-9.0597018,-77.0586936
87,8,CHINGAS ,2,-9.1190452,-76.9914793
88,8,LLAMELLÍN ,2,-9.1010476,-77.0168087
89,8,ACZO ,3,-9.151694,-76.9906529
90,8,MIRGAS ,3,-9.0784275,-77.0922766
91,8,SAN JUAN DE RONTOY ,3,-9.1752222,-77.0025089
92,9,ANRA ,2,-9.2336063,-76.9258158
93,9,HUACACHI ,2,-9.3157113,-76.9387603
94,9,HUACCHIS ,2,-9.2008287,-76.7867548
95,9,PAUCAS ,2,-9.1526632,-76.8991447
96,9,RAPAYAN ,2,-9.2025415,-76.7592291
97,9,UCO ,2,-9.1883438,-76.9284693
98,9,CAJAY ,3,-9.3276159,-77.1587899
99,9,CHAVÍN DE HUÁNTAR ,3,-9.5886299,-77.177664
100,9,HUACHIS ,3,-9.4096271,-77.1002734
101,9,HUÁNTAR ,3,-9.4519782,-77.1763553
102,9,HUARI ,3,-9.4081948,-77.1340513
103,9,MASÍN ,3,-9.3656974,-77.0966764
104,9,PONTO ,3,-9.3258105,-77.0043962
105,9,RAHUAPAMPA ,3,-9.3591241,-77.0785439
106,9,SAN MARCOS ,3,-9.5241213,-77.1572073
107,9,SAN PEDRO DE CHANA ,3,-9.4714912,-76.98964
108,10,ACOCHACA ,3,-9.1148297,-77.3681041
109,10,CHACAS ,3,-9.1620773,-77.3660887
110,11,ACOPAMPA ,3,-9.2903458,-77.6090668
111,11,AMASHCA ,3,-9.2392254,-77.6466529
112,11,ANTA ,3,-9.3610845,-77.6013301
113,11,ATAQUERO ,3,-9.2594018,-77.7070475
114,11,CARHUAZ ,3,-9.3610845,-77.6013301
115,11,MARCARÁ ,3,-9.3225999,-77.6039415
116,11,PARIAHUANCA ,3,-9.3650327,-77.5806762
117,11,SAN MIGUEL DE ACO ,3,-9.3427297,-77.4300747
118,11,SHILLA ,3,-9.2314633,-77.6251464
119,11,TINCO ,3,-9.2705841,-77.6778452
120,11,YUNGAR ,3,-9.3778144,-77.5922693
121,12,SAN LUIS ,3,-9.0943804,-77.3291264
122,12,SAN NICOLÁS ,3,-8.9758539,-77.1894251
123,12,YAUYA ,3,-9.0275719,-77.2472971
124,13,ACO ,3,-8.5180029,-77.8833935
125,13,BAMBAS ,3,-8.6023811,-77.9956254
126,13,CORONGO ,3,-8.5784215,-77.8577651
127,13,CUSCA ,3,-8.5265092,-77.7836968
128,13,LA PAMPA ,3,-8.6605429,-77.9030569
129,13,YÁNAC ,3,-8.6219932,-77.8528068
130,13,YUPÁN ,3,-8.6147333,-77.9687346
131,14,CASCA ,3,-8.8546476,-77.3991666
132,14,ELEAZAR BARRÓN GUZMÁN ,3,-8.8879307,-77.2183419
133,14,FIDEL  OLIVAS ,3,-8.7823714,-77.2931539
134,14,ESCUDERO ,3,-8.7823714,-77.2931539
135,14,LLAMA ,3,-8.9152478,-77.3014615
136,14,LLUMPA ,3,-8.9607926,-77.367346
137,14,LUCMA ,3,-8.9193949,-77.4109816
138,14,MUSGA ,3,-8.9062664,-77.3388863
139,14,PISCOBAMBA ,3,-8.8652705,-77.3576423
140,15,BOLOGNESI ,3,-10.0896026,-77.0596571
141,15,CABANA ,3,-8.3929196,-78.0090747
142,15,CONCHUCOS ,3,-8.2672086,-77.8536168
143,15,HUACASCHUQUE ,3,-8.3064787,-78.0043934
144,15,HUANDOVAL ,3,-8.3309043,-77.9750136
145,15,LACABAMBA ,3,-8.2604681,-77.8982661
146,15,LLAPO ,3,-8.514201,-78.041532
147,15,PALLASCA ,3,-8.333333,-77.916667
148,15,PAMPAS ,3,-8.1950956,-77.8957296
149,15,SANTA ROSA ,3,-8.5270766,-78.0672625
150,15,TAUCA ,3,-8.4700269,-78.0378275
151,16,HUAYLLÁN ,3,-8.8581048,-77.4357709
152,16,PAROBAMBA ,3,-8.6958388,-77.4300193
153,16,POMABAMBA ,3,-8.6999269,-77.440348
154,16,QUINUABAMBA ,3,-8.6971912,-77.3984743
155,17,ACOBAMBA ,3,-8.3261608,-77.5817182
156,17,ALFONSO UGARTE ,3,-8.4732866,-77.481472
157,17,CASHAPAMPA ,3,-8.5609487,-77.6528192
158,17,CHINGALPO ,3,-8.3387758,-77.5973209
159,17,HUAYLLABAMBA ,3,-8.5345307,-77.5670096
160,17,QUICHES ,3,-8.3950277,-77.4907
161,17,RAGASH ,3,-8.5319341,-77.6659419
162,17,SAN JUAN ,3,-8.6691267,-77.6263344
163,17,SICSIBAMBA ,3,-8.6239421,-77.5786158
164,17,SIHUAS ,3,-8.4877759,-77.5569916
165,18,CARAZ ,3,-9.0485895,-77.808722
166,18,HUALLANCA ,3,-9.8993086,-76.94166
167,18,HUATA ,3,-9.0161061,-77.8619114
168,18,HUAYLAS ,3,-9.0485895,-77.808722
169,18,MATO ,3,-8.9587585,-77.8921507
170,18,PAMPAROMÁS ,3,-9.0727865,-77.981495
171,18,PUEBLO LIBRE ,3,-9.1512947,-77.8183525
172,18,SANTA CRUZ ,3,-8.9086098,-77.7124566
173,18,SANTO TORIBIO ,3,-8.8645311,-77.9144344
174,18,YURACMARCA ,3,-8.7375001,-77.9039803
175,19,CASCAPARA ,3,-9.2264043,-77.7169207
176,19,MANCOS ,3,-9.1903264,-77.7123186
177,19,MATACOTO ,3,-9.1770611,-77.7468142
178,19,QUILLO ,3,-9.3287354,-78.0426198
179,19,RANRAHIRCA ,3,-9.173244,-77.722884
180,19,SHUPLUY ,3,-9.217939,-77.6950655
181,19,YANAMA ,3,-9.0209145,-77.4710377
182,19,YUNGAY ,3,-9.1513178,-77.6812099
183,20,COCHABAMBA ,3,-9.4948049,-77.8595159
184,20,COLCABAMBA ,3,-9.5947968,-77.8088477
185,20,HUANCHAY ,3,-9.7235947,-77.8184585
186,20,HUARAZ ,3,-9.5298511,-77.5289981
187,20,INDEPENDENCIA ,3,-9.4752071,-77.4955004
188,20,JANGAS ,3,-9.4006,-77.5772088
189,20,LA LIBERTAD ,3,-9.6307038,-77.7095232
190,20,OLLEROS ,3,-9.6669506,-77.4663377
191,20,PAMPAS GRANDE ,3,-9.655389,-77.8265643
192,20,PARIACOTO ,3,-9.5592582,-77.89055
193,20,PIRA ,3,-9.5809526,-77.7073122
194,20,TARICA ,3,-9.3954728,-77.491587
195,21,ABELARDO  PARDO ,3,-10.3131928,-77.1567352
196,21,LEZAMETA ,3,-10.3131928,-77.1567352
197,21,ANTONIO RAYMONDI ,3,-9.1244349,-77.0559473
198,21,AQUIA ,3,-10.0745004,-77.1447485
199,21,CAJACAY ,3,-10.1554525,-77.4396526
200,21,CANIS ,3,-10.3393199,-77.1693637
201,21,CHIQUIÁN ,3,-10.152032,-77.1568233
202,21,COLQUIOC ,3,-10.2985154,-77.5835216
203,21,HUALLANCA ,3,-9.8993086,-76.94166
204,21,HUASTA ,3,-10.1236042,-77.1464065
205,21,HUAYLLACAYÁN ,3,-10.2479991,-77.4150908
206,21,LA PRIMAVERA ,3,-10.3038965,-77.0985643
207,21,MANGAS ,3,-10.3691135,-77.1034268
208,21,PACLLÓN ,3,-10.2343104,-77.0719317
209,21,SAN  MIGUEL DE CORPANQUI ,3,-10.2932268,-77.2064011
210,21,TICLLOS ,3,-10.2535554,-77.1902391
211,22,CÁTAC ,3,-9.9244392,-77.3384783
212,22,COTAPARACO ,3,-9.9939631,-77.5877341
213,22,HUAYLLAPAMPA ,3,-10.0552701,-77.5363486
214,22,LLACLLIN ,3,-10.1367552,-77.5639828
215,22,MARCA ,3,-10.0886666,-77.4743087
216,22,PAMPAS CHICO ,3,-10.1147755,-77.3979384
217,22,PARARÍN ,3,-10.0503938,-77.654616
218,22,RECUAY ,3,-9.9526616,-77.4098005
219,22,TAPACOCHA ,3,-10.0101988,-77.5691553
220,22,TICAPAMPA ,3,-9.7584487,-77.4438379
221,23,AIJA ,3,-9.785847,-77.6729082
222,23,CORIS ,3,-9.8204769,-77.7190688
223,23,LA MERCED ,3,-9.7354129,-77.6164507
224,23,HUACLLÁN ,3,-9.7847374,-77.6736887
225,23,SUCCHA ,3,-9.8232707,-77.6500961
226,24,ACAS ,3,-10.4575334,-77.3274735
227,24,CAJAMARQUILLA ,3,-10.353757,-77.1989307
228,24,CARHUAPAMPA ,3,-10.4983123,-77.2171778
229,24,CONGAS ,3,-10.3371144,-77.4424433
230,24,LLIPA ,3,-10.3925285,-77.1904847
231,24,OCROS ,3,-10.4844461,-77.4453416
232,24,SAN CRISTÓBAL DE RAJÁ,3,0.0,0.0
233,24,SANTIAGO DE CHILCAS ,3,-10.4384792,-77.3661877
234,24,COCHAS ,4,-10.6569083,-77.4825987
235,24,SAN PEDRO ,4,-10.472651,-77.5774657
236,25,COCHAPETI ,3,-9.9800637,-77.6958297
237,25,HUAYÁN ,3,-9.8750801,-77.7081362
238,25,MALVAS ,3,-9.9294855,-77.6579418
239,25,CULEBRAS ,4,-9.9501663,-78.2220947
240,25,HUARMEY ,4,-10.0643674,-77.9718798
241,26,CÁCERES DEL PERÚ ,3,-8.9636086,-78.0655082
242,26,MACATE ,3,-8.760613,-78.0612105
243,26,MORO ,3,-9.1388841,-78.1830024
244,26,CHIMBOTE ,4,-9.0744966,-78.593609
245,26,COISHCO ,4,-9.0227418,-78.6152844
246,26,NEPEÑA ,4,-9.1726623,-78.3614116
247,26,NUEVO CHIMBOTE ,4,-9.1183822,-78.4587932
248,26,SAMANCO ,4,-9.2618703,-78.4960083
249,26,SANTA ,4,-8.9565931,-78.2678528
250,27,BUENA VISTA ALTA ,4,-9.4322499,-78.2064343
251,27,CASMA ,4,-9.472866,-78.2136837
252,27,COMANDANTE NOÉL ,4,-9.5090573,-78.3430699
253,27,YAUTÁN ,4,-9.5115922,-77.9965053
254,28,CHALLHUAHUACHO ,2,-14.1186814,-72.2465114
255,28,COTABAMBAS ,2,-14.0,-72.2
256,28,COYLLURQUI ,2,-13.8374408,-72.4321251
257,28,HAQUIRA ,2,-14.2141274,-72.1883066
258,28,MARA ,2,-14.0863519,-72.1020964
259,28,TAMBOBAMBA ,2,-13.9461814,-72.1745097
260,29,CHUQUIBAMBILLA ,2,-14.1054248,-72.7079361
261,29,CURASCO ,2,-14.0616721,-72.5674356
262,29,CURPAHUASI ,2,-14.0635189,-72.670309
263,29,GAMARRA ,2,-13.8479987,-72.5577099
264,29,HUAYLLATI ,2,-13.9283772,-72.4844917
265,29,MAMARA ,2,-14.228797,-72.5905334
266,29,MICAELA BASTIDAS ,2,-14.1353281,-72.5915384
267,29,PATAYPAMPA ,2,-14.1774623,-72.6722163
268,29,PROGRESO ,2,-14.1042274,-72.4361084
269,29,SAN ANTONIO ,2,-14.1696426,-72.6232775
270,29,SANTA ROSA ,2,-14.1397865,-72.6570464
271,29,TURPAY ,2,-14.2277191,-72.6224058
272,29,VILCABAMBA ,2,-14.0777198,-72.6249943
273,29,VIRUNDO ,2,-14.2505609,-72.6810786
274,30,ABANCAY ,2,-13.6373482,-72.8788744
275,30,CHACOCHE ,2,-13.9417222,-72.9908641
276,30,CIRCA ,2,-13.8782102,-72.8756452
277,30,CURAHUASI ,2,-13.5422644,-72.695902
278,30,HUANIPACA ,2,-13.4918729,-72.9335231
279,30,LAMBRAMA ,2,-13.8706185,-72.7697418
280,30,PICHIRHUA ,2,-13.8611713,-73.073412
281,30,SAN  PEDRO DE CACHORA ,2,-13.487246,-72.7993767
282,30,TAMBURCO ,2,-13.6219635,-72.8732864
283,31,ANCO-HUALLO ,2,-13.5468039,-73.6667522
284,31,CHINCHEROS ,2,-13.4829428,-73.6536732
285,31,COCHARCAS ,2,-13.6102757,-73.7410053
286,31,HUACCANA ,2,-13.3880591,-73.6900129
287,31,OCOBAMBA ,2,-13.482545,-73.5603855
288,31,ONGOY ,2,-13.4031774,-73.6683759
289,31,RANRACANCHA ,2,-13.5328741,-73.6057901
290,31,URANMARCA ,2,-13.6724291,-73.6695595
291,31,EL PORVENIR ,2,-13.3893543,-73.5498108
292,31,LOS CHANKAS ,2,-13.390207,-73.7825309
293,31,ROCCHACC ,2,-13.4401094,-73.6005621
294,31,AHUAYRO ,2,-13.4958904,-73.8084435
295,32,ANDAHUAYLAS ,2,-13.7776943,-73.4285412
296,32,ANDARAPA ,2,-13.5281931,-73.3657917
297,32,HUANCARAMA ,2,-13.6451805,-73.0855794
298,32,HUANCARAY ,2,-13.757431,-73.5271021
299,32,KAQUIABAMBA ,2,-13.5323292,-73.2886036
300,32,KISHUARA ,2,-13.6913922,-73.1186407
301,32,PACOBAMBA ,2,-13.6162624,-73.0859306
302,32,PACUCHA ,2,-13.6093405,-73.3438934
303,32,SAN ANTONIO DE CACHI ,2,-13.7732415,-73.6034516
304,32,SAN JERÓNIMO ,2,-13.717033,-73.2635275
305,32,SANTA  MARÍA  DE CHICMO ,2,-13.6574026,-73.4946575
306,32,TALAVERA ,2,-13.6537135,-73.4290221
307,32,TURPO ,2,-13.7856784,-73.4740329
308,32,JOSÉ MARÍA ARGUEDAS ,2,-13.8047365,-73.3270027
309,32,CHIARA ,3,-13.8671338,-73.6688012
310,32,HUAYANA ,3,-14.0506668,-73.6092884
311,32,PAMPACHIRI ,3,-14.1870656,-73.5445298
312,32,POMACOCHA ,3,-14.0839961,-73.5909505
313,32,SAN  MIGUEL  DE CHACCRAMPA ,3,-13.9611433,-73.6078246
314,32,TUMAY HUARACA ,3,-13.9690166,-73.4381941
315,33,CHAPIMARCA ,2,-13.9748039,-73.0650772
316,33,COLCABAMBA ,2,-14.0060023,-73.2544206
317,33,LUCRE ,2,-13.9496486,-73.2264093
318,33,SAN JUAN DE CHACÑA ,2,-13.9239285,-73.1818627
319,33,TINTAY ,2,-13.9596179,-73.1851069
320,33,CAPAYA ,3,-14.1174934,-73.3211541
321,33,CARAYBAMBA ,3,-14.3780802,-73.1606841
322,33,CHALHUANCA ,3,-14.2945256,-73.2442285
323,33,COTARUSE ,3,-14.4155851,-73.2051918
324,33,IHUAYLLO ,3,-14.1334308,-73.2679351
325,33,JUSTO  APU ,3,-14.105627,-73.1963511
326,33,SAHUARAURA ,3,-14.105627,-73.1963511
327,33,POCOHUANCA ,3,-14.2185577,-73.0869557
328,33,SAÑAYCA ,3,-14.204812,-73.3471486
329,33,SORAYA ,3,-14.1649354,-73.3149477
330,33,TAPAIRIHUA ,3,-14.1413424,-73.1406114
331,33,TORAYA ,3,-14.0530843,-73.294551
332,33,YANACA ,3,-14.2257993,-73.1601411
333,34,ANTABAMBA ,3,-14.4527204,-72.7187279
334,34,EL ORO ,3,-14.1642812,-73.0431589
335,34,HUAQUIRCA ,3,-14.3398504,-72.8946361
336,34,JUAN  ESPINOZA ,3,-14.565667,-72.9059973
337,34,MEDRANO ,3,-14.565667,-72.9059973
338,34,OROPESA ,3,-14.2625992,-72.5543486
339,34,PACHACONAS ,3,-14.2231632,-73.016206
340,34,SABAINO ,3,-14.3134879,-72.9450826
341,35,ALCA ,3,-15.1345494,-72.7649438
342,35,CHARCANA ,3,-15.2407207,-73.0703339
343,35,COTAHUASI ,3,-15.2126221,-72.889254
344,35,HUAYNACOTAS ,3,-15.1271366,-72.8102532
345,35,PAMPAMARCA ,3,-15.1288746,-72.9046823
346,35,PUYCA ,3,-15.0592325,-72.6918516
347,35,QUECHUALLA ,3,-15.2885041,-73.0883645
348,35,SAYLA ,3,-15.320427,-73.2216803
349,35,TAURIA ,3,-15.3545528,-73.2323916
350,35,TOMEPAMPA ,3,-15.1726802,-72.8301444
351,35,TORO ,3,-15.2644415,-72.9286939
352,36,ACHOMA ,3,-15.6615552,-71.6999231
353,36,CABANACONDE ,3,-15.6220756,-71.9808701
354,36,CALLALLI ,3,-15.5067505,-71.4450569
355,36,CAYLLOMA ,3,-15.7340917,-71.7536211
356,36,CHIVAY ,3,-15.6366885,-71.602217
357,36,COPORAQUE ,3,-15.6270159,-71.6455756
358,36,HUAMBO ,3,-15.7304769,-72.1081153
359,36,HUANCA ,3,-16.0339106,-71.8779638
360,36,ICHUPAMPA ,3,-15.6497847,-71.686536
361,36,LARI ,3,-15.6233676,-71.7685005
362,36,LLUTA ,3,-16.0156408,-72.0141048
363,36,MACA ,3,-15.6410706,-71.7685127
364,36,MADRIGAL ,3,-15.6082729,-71.8077023
365,36,SAN  ANTONIO CHUCA ,3,-15.9929988,-71.067817
366,36,SIBAYO ,3,-15.486447,-71.4569766
367,36,TAPAY ,3,-15.5776363,-71.9392262
368,36,TISCO ,3,-15.3472746,-71.446627
369,36,TUTI ,3,-15.5330178,-71.5495931
370,36,YANQUE ,3,-15.6495091,-71.6588453
371,36,MAJES ,4,-16.3242988,-72.2878298
372,37,ANDAGUA ,3,-15.4988752,-72.355603
373,37,AYO ,3,-15.6824603,-72.2722423
374,37,CHACHAS ,3,-15.5013462,-72.270109
375,37,CHILCAYMARCA ,3,-15.2864227,-72.37553
376,37,CHOCO ,3,-15.5769655,-72.1288562
377,37,MACHAGUAY ,3,-15.6504885,-72.5054401
378,37,ORCOPAMPA ,3,-15.2673473,-72.3435101
379,37,PAMPACOLCA ,3,-15.714582,-72.5736223
380,37,TIPÁN ,3,-15.7227452,-72.5020617
381,37,UÑÓN ,3,-15.7280382,-72.4325304
382,37,VIRACO ,3,-15.6580907,-72.5245833
383,37,APLAO ,4,-16.0764611,-72.4921172
384,37,HUANCARQUI ,4,-16.096318,-72.4724762
385,37,URACA ,4,-16.2012575,-72.4757474
386,38,ALTO SELVA ALEGRE ,3,-16.3376419,-71.4968918
387,38,AREQUIPA ,3,-12.1173689,-77.0295395
388,38,CAYMA ,3,-16.2793942,-71.4603116
389,38,CERRO COLORADO ,3,-16.2979991,-71.573948
390,38,CHARACATO ,3,-16.448679,-71.3592378
391,38,CHIGUATA ,3,-16.4025084,-71.3926902
392,38,JACOBO HUNTER ,3,-16.4591236,-71.5689479
393,38,JOSÉ LUIS BUSTAMANTE Y RIVERO ,3,-16.4331715,-71.5233141
394,38,MARIANO MELGAR ,3,-16.3659477,-71.453062
395,38,MIRAFLORES ,3,-12.1173689,-77.0295395
396,38,MOLLEBAYA ,3,-16.4865136,-71.4663748
397,38,PAUCARPATA ,3,-16.4210931,-71.474928
398,38,POCSI ,3,-16.5178546,-71.3890327
399,38,QUEQUEÑA ,3,-16.5579868,-71.4510949
400,38,SABANDIA ,3,-16.4522286,-71.4598871
401,38,SACHACA ,3,-16.425605,-71.5757898
402,38,SAN JUAN DE TARUCANI ,3,-16.2100811,-71.0942216
403,38,SOCABAYA ,3,-16.4689321,-71.5380727
404,38,TIABAYA ,3,-16.4632387,-71.6048807
405,38,YANAHUARA ,3,-16.3881818,-71.5420539
406,38,YURA ,3,-16.2528829,-71.681378
407,38,LA JOYA ,4,-16.4235536,-71.8178329
408,38,POLOBAYA ,4,-16.5657388,-71.3685341
409,38,SAN JUAN DE SIGUAS ,4,-16.4088314,-72.1669393
410,38,SANTA  ISABEL  DE ,4,-16.3806995,-72.1975564
411,38,SIGUAS ,4,-16.4940778,-72.0944241
412,38,SANTA RITA DE SIGUAS ,4,-16.4940778,-72.0944241
413,38,UCHUMAYO ,4,-16.4251651,-71.6727116
414,38,VITOR ,4,-16.4657583,-71.9353844
415,38,YARABAMBA ,4,-16.5469355,-71.4752051
416,39,CAYARANI ,3,-14.6713683,-72.0218573
417,39,CHICHAS ,3,-15.5476611,-72.9185605
418,39,SALAMANCA ,3,-15.5045195,-72.8341302
419,39,ANDARAY ,4,-15.7973073,-72.860528
420,39,CHUQUIBAMBA ,4,-15.8393749,-72.6515257
421,39,IRAY ,4,-15.8547644,-72.6295612
422,39,RÍO GRANDE ,4,-15.8422394,-73.1779911
423,39,YANAQUIHUA ,4,-15.7757447,-72.8765355
424,40,COCACHACRA ,4,-17.0894045,-71.7592172
425,40,DEAN VALDIVIA ,4,-17.1012765,-71.8318692
426,40,ISLAY ,4,-16.9592838,-71.7426958
427,40,MEJÍA ,4,-17.1024574,-71.9066384
428,40,MOLLENDO ,4,-17.0292533,-72.0155447
429,40,PUNTA DE BOMBÓN ,4,-17.1721359,-71.7905267
430,41,CAMANÁ ,4,-16.416667,-72.833333
431,41,JOSÉ MARÍA QUIMPER ,4,-16.5952311,-72.7343311
432,41,MARIANO  NICOLÁS ,4,-16.4057608,-71.4979407
433,41,VALCÁRCEL ,4,-16.0555745,-73.1172142
434,41,MARISCAL CÁCERES ,4,-16.4757929,-72.8646262
435,41,NICOLÁS DE PIÉROLA ,4,-16.4736023,-72.6243389
436,41,OCOÑA ,4,-16.4314792,-73.1049285
437,41,QUILCA ,4,-16.7168405,-72.4254819
438,41,SAMUEL PASTOR ,4,-16.598135,-72.6674111
439,42,ACARI ,4,-15.4357104,-74.616907
440,42,ATICO ,4,-16.2084572,-73.6232865
441,42,ATIQUIPA ,4,-15.7958563,-74.3636272
442,42,BELLA UNIÓN ,4,-15.450167,-74.6578278
443,42,CAHUACHO ,4,-15.503149,-73.479701
444,42,CARAVELÍ ,4,-15.7605128,-74.0576782
445,42,CHALA ,4,-15.8659492,-74.2468396
446,42,CHAPARRA ,4,-15.7388369,-73.8618503
447,42,HUANUHUANU ,4,-15.5448543,-73.9230393
448,42,JAQUI ,4,-15.4743329,-74.4415042
449,42,LOMAS ,4,-15.5697817,-74.8513179
450,42,QUICACHA ,4,-15.6252546,-73.7984366
451,42,YAUCA ,4,-15.6617792,-74.5275893
452,43,AYAHUANCO ,2,-12.6330163,-74.2911392
453,43,IGUAIN ,2,-12.9768506,-74.2063522
454,43,HUAMANGUILLA ,2,-13.0112488,-74.1734964
455,43,HUANTA ,2,-12.7660525,-74.252901
456,43,LLOCHEGUA ,2,-12.4097623,-73.9060381
457,43,LURICOCHA ,2,-12.8992971,-74.2740319
458,43,SANTILLANA ,2,-12.7660525,-74.252901
459,43,SIVIA ,2,-12.5115862,-73.8588
460,43,CHACA ,2,-12.7843999,-74.2058707
461,43,PUCACOLPA ,2,-12.3108798,-74.3521695
462,43,UCHURACCAY ,2,-12.8269938,-74.1115777
463,43,CANAYRE ,2,-12.3267139,-74.0420311
464,43,PUTIS ,2,-12.6084196,-74.1912406
465,44,ANCO ,2,-13.11681,-73.6904625
466,44,AYNA ,2,-12.7248189,-73.90596
467,44,CHILCAS ,2,-13.1714014,-73.9067773
468,44,CHUNGUI ,2,-13.2220319,-73.621572
469,44,LUIS CARRANZA ,2,-13.2429701,-73.8808127
470,44,SAN MIGUEL ,2,-13.0126048,-73.9810178
471,44,SANTA ROSA ,2,-12.6881982,-73.7354531
472,44,TAMBO ,2,-12.9481515,-74.0201903
473,44,ORONCCOY ,2,-13.3807655,-73.4358917
474,44,ANCHIHUAY ,2,-12.8633126,-73.581673
475,44,SAMUGARI ,2,-12.839777,-73.6944194
476,44,UNION PROGRESO ,2,-12.92785,-73.5595851
477,44,RIO MAGDALENA ,2,-12.8750776,-73.6587437
478,44,NINABAMBA ,2,-13.0895924,-73.916184
479,44,PATIBAMBA ,2,-13.0623293,-73.9418751
480,45,ACOCRO ,2,-13.2191349,-74.0419472
481,45,ACOS VINCHOS ,2,-13.119796,-74.0675347
482,45,AYACUCHO ,2,-13.1523725,-74.224977
483,45,ANDRÉS  AVELINO ,2,-13.1523725,-74.224977
484,45,CÁCERES ,2,-13.3906006,-73.9156567
485,45,DORREGARAY ,2,-13.1542569,-74.199401
486,45,JESÚS NAZARENO ,2,-13.1231549,-74.2020312
487,45,OCROS ,2,-13.390084,-73.9132395
488,45,PACAYCASA ,2,-13.0578181,-74.2158758
489,45,QUINUA ,2,-13.0489862,-74.139323
490,45,SAN JOSÉ DE TICLLAS ,2,-13.1188952,-74.3241155
491,45,SANTIAGO DE PISCHA ,2,-13.0648322,-74.3040636
492,45,TAMBILLO ,2,-13.1945296,-74.1110216
493,45,CARMEN ALTO ,3,-13.2051965,-74.243038
494,45,CHIARA ,3,-13.2732192,-74.205806
495,45,SAN JUAN BAUTISTA ,3,-13.2028359,-74.2135037
496,45,SOCOS ,3,-13.2146111,-74.2891989
497,45,VINCHOS ,3,-13.2419722,-74.3542792
498,46,CONCEPCIÓN ,2,-13.5326521,-73.8751428
499,46,ACCOMARCA ,3,-13.8008867,-73.9040554
500,46,CARHUANCA ,3,-13.7424052,-73.7875323
501,46,HUAMBALPA ,3,-13.7503074,-73.9315832
502,46,INDEPENDENCIA ,3,-13.8846729,-73.8570602
503,46,SAURAMA ,3,-13.695496,-73.7592506
504,46,VILCAS HUAMÁN ,3,-13.6487948,-73.8871288
505,46,VISCHONGO ,3,-13.589164,-73.9950577
506,47,CARAPO ,3,-13.8371541,-74.315265
507,47,SACSAMARCA ,3,-13.9696214,-74.2160959
508,47,SANCOS ,3,-15.0625764,-73.9519436
509,47,SANTIAGO  DE ,3,-13.0648322,-74.3040636
510,47,LUCANAMARCA ,3,-13.8449431,-74.3716764
511,48,CANGALLO ,3,-13.5238419,-74.3508425
512,48,CHUSCHI ,3,-13.5850271,-74.3520026
513,48,LOS MOROCHUCOS ,3,-13.4957129,-74.2175281
514,48,MARÍA  PARADO  DE ,3,-13.1586462,-74.2349904
515,48,BELLIDO ,3,-13.5589775,-74.2959621
516,48,PARAS ,3,-13.5525049,-74.6274189
517,48,TOTOS ,3,-13.5678812,-74.5228823
518,49,COLTA ,3,-15.1630008,-73.2937816
519,49,CORCULLA ,3,-15.2631753,-73.2005622
520,49,LAMPA ,3,-15.1850858,-73.3485703
521,49,MARCABAMBA ,3,-15.1498207,-73.3413923
522,49,OYOLO ,3,-15.1791614,-73.1850649
523,49,PARARCA ,3,-15.2175163,-73.4644466
524,49,PAUSA ,3,-15.2789471,-73.3443491
525,49,SAN  JAVIER  DE ,3,-15.0566202,-73.3224254
526,49,ALPABAMBA ,3,-15.0566202,-73.3224254
527,49,SAN JOSÉ DE USHUA ,3,-15.2247933,-73.2267347
528,49,SARA SARA ,3,-15.3235799,-73.4502987
529,50,BELÉN ,3,-13.80884,-73.7577858
530,50,CHALCOS ,3,-13.8477453,-73.7540891
531,50,CHILCAYOC ,3,-13.8834503,-73.7273297
532,50,HUACAÑA ,3,-14.171883,-73.8862868
533,50,MORCOLLA ,3,-14.1086995,-73.8722162
534,50,PAICO ,3,-14.0383594,-73.6421391
535,50,QUEROBAMBA ,3,-14.0113112,-73.8388183
536,50,SAN PEDRO DE LARCAY ,3,-14.168823,-73.5728159
537,50,SAN  SALVADOR ,3,-13.9684014,-73.7347073
538,50,QUIJE ,3,-13.9684014,-73.7347073
539,50,SANTIAGO PAUCARAY ,3,-14.0441304,-73.6374396
540,50,SORAS ,3,-14.1144908,-73.6040552
541,51,ALCAMENCA ,3,-13.6383605,-74.1931859
542,51,APONGO ,3,-14.0132331,-73.9324818
543,51,ASQUIPATA ,3,-14.0551088,-73.9096218
544,51,CANARIA ,3,-13.9235214,-73.9047763
545,51,CAYARA ,3,-13.7950216,-73.9888655
546,51,COLCA ,3,-13.7125385,-74.0335467
547,51,HUAMANQUIQUIA ,3,-13.7291512,-74.2719606
548,51,HUANCAPI ,3,-13.7524539,-74.0663014
549,51,HUANCARAYLLA ,3,-13.7186797,-74.102109
550,51,HUALLA ,3,-13.8498374,-73.9508662
551,51,SARHUA ,3,-13.6729102,-74.3198661
552,51,VILCANCHOS ,3,-13.6112354,-74.532601
553,52,CHUMPI ,3,-15.0948144,-73.7481655
554,52,CORACORA ,3,-15.01682,-73.7806339
555,52,CORONEL CASTAÑEDA ,3,-14.7734005,-73.1826283
556,52,PACAPAUSA ,3,-14.9499497,-73.3678698
557,52,SAN  FRANCISCO  DE ,3,-17.1949864,-70.9358266
558,52,RIVACAYCO ,3,0.0,0.0
559,52,UPAHUACHO ,3,-14.9071739,-73.3978382
560,52,PULLO ,4,-15.2103216,-73.8265885
561,52,PUYUSCA ,4,-15.2779216,-73.5681304
562,53,AUCARA ,3,-14.2810472,-73.9748656
563,53,CABANA ,3,-14.2885572,-73.9671215
564,53,CARMEN SALCEDO ,3,-14.4527315,-73.9643101
565,53,CHAVIÑA ,3,-14.9794632,-73.8373748
566,53,CHIPAO ,3,-14.3658713,-73.87626
567,53,LUCANAS ,3,-14.5,-74.333333
568,53,PUQUIO ,3,-14.6940105,-74.1242183
569,53,SAN JUAN ,3,-14.6516137,-74.1988989
570,53,SAN PEDRO DE PALCO ,3,-14.4119513,-74.6510319
571,53,SANTA  ANA  DE ,3,-13.1653542,-74.2322698
572,53,HUAYCAHUACHO ,3,-15.205403,-73.2232414
573,53,HUAC-HUAS ,4,-14.1315439,-74.9421837
574,53,LARAMATE ,4,-14.2864145,-74.8427964
575,53,LEONCIO PRADO ,4,-14.6889802,-74.6449483
576,53,LLAUTA ,4,-14.2437107,-74.9199697
577,53,OCAÑA ,4,-14.3986309,-74.8227486
578,53,OTOCA ,4,-14.4901743,-74.6864442
579,53,SAISA ,4,-14.9402449,-74.4167887
580,53,SAN CRISTÓBAL ,4,-14.7431742,-74.2224412
581,53,SAN PEDRO ,4,-14.7671803,-74.0976631
582,53,SANCOS ,4,-15.0625764,-73.9519436
583,53,SANTA LUCIA ,4,-14.9782125,-74.523762
584,54,BAMBAMARCA ,2,-6.68221,-78.5201491
585,54,CHUGUR ,2,-6.6706526,-78.7385194
586,54,HUALGAYOC ,2,-6.7087189,-78.5314589
587,55,CHIRINOS ,2,-5.3039554,-78.8981584
588,55,HUARANGO ,2,-5.2728294,-78.7758172
589,55,LA COIPA ,2,-5.3930466,-78.9061426
590,55,NAMBALLE ,2,-5.0045531,-79.0876516
591,55,SAN IGNACIO ,2,-5.1243684,-78.8956299
592,55,SAN JOSÉ DE LOURDES ,2,-5.1031042,-78.9138215
593,55,TABACONAS ,2,-5.3160315,-79.2831531
594,56,CELENDÍN ,2,-6.800183,-78.203645
595,56,CHUMUCH ,2,-6.6029568,-78.200322
596,56,CORTEGANA ,2,-6.5132567,-78.3289876
597,56,HUASMÍN ,2,-6.8376064,-78.2449857
598,56,JORGE CHÁVEZ ,2,-6.941751,-78.054977
599,56,JOSÉ GÁLVEZ ,2,-6.9262185,-78.1593617
600,56,LA LIBERTAD DE PALLÁN ,2,-6.7234922,-78.2823411
601,56,MIGUEL IGLESIAS ,2,-6.6774179,-78.2041829
602,56,OXAMARCA ,2,-7.0419042,-78.0680177
603,56,SOROCHUCO ,2,-6.9116568,-78.2550906
604,56,SUCRE ,2,-6.9426948,-78.1356347
605,56,UTCO ,2,-6.8964042,-78.0633552
606,57,CALLAYUC ,2,-6.1808953,-78.9101946
607,57,CHOROS ,2,-5.9003238,-78.693769
608,57,CUJILLO ,2,-6.1070938,-78.5741191
609,57,CUTERVO ,2,-6.2020093,-78.789661
610,57,LA RAMADA ,2,-6.2120596,-78.5602617
611,57,PIMPINGOS ,2,-6.0619295,-78.7583334
612,57,SAN  ANDRÉS  DE ,2,-5.7721635,-78.8851082
613,57,CUTERVO ,2,-6.2020093,-78.789661
614,57,SAN JUAN DE CUTERVO ,2,-6.1634022,-78.5978979
615,57,SAN LUIS DE LUCMA ,2,-6.2941228,-78.6035288
616,57,SANTA CRUZ ,2,-6.6942323,-78.9752808
617,57,SANTO DOMINGO DE LA CAPILLA ,2,-6.2445336,-78.8553076
618,57,SANTO TOMÁS ,2,-6.1513646,-78.6823138
619,57,SOCOTA ,2,-6.2875083,-78.7178366
620,57,TORIBIO CASANOVA ,2,-5.9873916,-78.685043
621,57,QUEROCOTILLO ,3,-6.2735837,-79.0381664
622,58,BELLAVISTA ,2,-5.6655198,-78.6790967
623,58,CHONTALI ,2,-5.6460405,-79.0880569
624,58,COLASAY ,2,-5.9788585,-79.068558
625,58,HUABAL ,2,-5.6128756,-78.8996429
626,58,JAÉN ,2,-5.6847565,-79.0621897
627,58,LAS PIRIAS ,2,-5.6272504,-78.8525806
628,58,SAN JOSÉ DEL ALTO ,2,-5.4650716,-79.0176281
629,58,SANTA ROSA ,2,-5.4327549,-78.566755
630,58,POMAHUACA ,3,-5.9318961,-79.2296103
631,58,PUCARÁ ,3,-6.0418131,-79.1300978
632,58,SALLIQUE ,3,-5.6583409,-79.3155413
633,58,SAN FELIPE ,3,-5.7704483,-79.313728
634,59,GREGORIO PITA ,2,-7.2214778,-78.1614798
635,59,ICHOCÁN ,2,-7.4043688,-78.055406
636,59,JOSÉ MANUEL QUIROZ ,2,-7.3537249,-78.0111071
637,59,JOSÉ SABOGAL ,2,-7.2144553,-77.9822936
638,59,CHANCAY ,3,-7.3881817,-78.12367
639,59,EDUARDO VILLANUEVA ,3,-7.4366446,-78.1476144
640,59,PEDRO GÁLVEZ ,3,-7.32439,-78.1841581
641,60,ANGUIA ,2,-6.3414242,-78.605603
642,60,CHADIN ,2,-6.434157,-78.4102176
643,60,CHALAMARCA ,2,-6.5031727,-78.4797597
644,60,CHIGUIRIP ,2,-6.4281698,-78.7212712
645,60,CHIMBÁN ,2,-6.2514295,-78.4784639
646,60,CHOROPAMPA ,2,-6.3720964,-78.377002
647,60,CHOTA ,2,-6.509064,-78.8413275
648,60,CONCHÁN ,2,-6.444536,-78.6559814
649,60,LAJAS ,2,-6.5603051,-78.7347385
650,60,PACCHA ,2,-6.4973639,-78.4234478
651,60,PIÓN ,2,-6.1782783,-78.4821171
652,60,TACABAMBA ,2,-6.3929949,-78.6112435
653,60,COCHABAMBA ,3,-6.474381,-78.8851926
654,60,HUAMBOS ,3,-6.4526579,-78.9609489
655,60,LLAMA ,3,-6.5146412,-79.1200724
656,60,MIRACOSTA ,3,-6.4047699,-79.2837793
657,60,QUEROCOTO ,3,-6.3591933,-79.0346121
658,60,SAN JUAN DE LICUPIS ,3,-6.4772439,-79.2481234
659,60,TOCMOCHE ,3,-6.4129611,-79.3607734
660,61,SITACOCHA ,2,-7.491877,-77.8999671
661,61,CACHACHI ,3,-7.4487528,-78.2686919
662,61,CAJABAMBA ,3,-7.5537776,-78.0533705
663,61,CONDEBAMBA ,3,-7.5324512,-78.0953763
664,62,ENCAÑADA ,2,-6.9816201,-78.4079551
665,62,ASUNCIÓN ,3,-7.3234733,-78.5185817
666,62,CAJAMARCA ,3,-7.1566682,-78.517306
667,62,CHETILLA ,3,-7.1469797,-78.6727252
668,62,COSPÁN ,3,-7.4270012,-78.5423093
669,62,JESÚS ,3,-7.2489716,-78.3794946
670,62,LLACANORA ,3,-7.1935919,-78.4266731
671,62,LOS BAÑOS DEL INCA ,3,-7.0827588,-78.4704848
672,62,MAGDALENA ,3,-7.2246172,-78.6311663
673,62,MATARA ,3,-7.2750555,-78.2629041
674,62,NAMORA ,3,-7.2021381,-78.3253016
675,62,SAN JUAN ,3,-7.2917583,-78.4975638
676,63,CHILETE ,3,-7.2213783,-78.8396922
677,63,CONTUMAZÁ ,3,-7.333333,-78.916667
678,63,CUPISNIQUE ,3,-7.3716381,-79.0681649
679,63,GUZMANGO ,3,-7.3850276,-78.8963668
680,63,SAN BENITO ,3,-7.5205811,-78.9586674
681,63,SANTA CRUZ DE TOLEDO ,3,-7.3439935,-78.8371489
682,63,TANTARICA ,3,-7.2698246,-78.944504
683,63,YONÁN ,3,-7.2849207,-79.1833583
684,64,BOLÍVAR ,3,-6.9768708,-79.178387
685,64,CALQUIS ,3,-6.9801252,-78.8499806
686,64,CATILLUC ,3,-6.8105859,-78.7281891
687,64,EL PRADO ,3,-7.0336496,-79.0111824
688,64,LA FLORIDA ,3,-6.8696112,-79.1220288
689,64,LLAPA ,3,-6.9807634,-78.8076004
690,64,NANCHOC ,3,-6.9595289,-79.2427447
691,64,NIEPOS ,3,-6.9264182,-79.1296784
692,64,SAN GREGORIO ,3,-7.0571249,-79.0951175
693,64,SAN MIGUEL ,3,-6.9768275,-78.9409485
694,64,SAN  SILVESTRE  DE COCHÁN ,3,-6.9777058,-78.7741021
695,64,TONGOD ,3,-6.7565331,-78.8246992
696,64,UNIÓN AGUA BLANCA ,3,-7.1143492,-79.0459094
697,65,SAN BERNARDINO ,2,-7.165292,-78.7831824
698,65,SAN LUIS ,2,-7.1572916,-78.8679074
699,65,SAN PABLO ,2,-7.0918959,-78.740251
700,65,TUMBADÉN ,2,-7.0249393,-78.7397496
701,66,ANDABAMBA ,2,-6.6628214,-78.8172733
702,66,CATACHE ,2,-6.6739084,-79.0326561
703,66,CHANCAYBAÑOS ,2,-6.5540423,-78.882045
704,66,LA ESPERANZA ,2,-6.5929359,-78.8957639
705,66,NINABAMBA ,2,-6.6501099,-78.7875763
706,66,PULÁN ,2,-6.7388038,-78.9204565
707,66,SANTA CRUZ ,2,-6.6942323,-78.9752808
708,66,SAUCEPAMPA ,2,-6.6906321,-78.9166193
709,66,SEXI ,2,-6.5639099,-79.0513314
710,66,UTICYACU ,2,-6.6065559,-78.793839
711,66,YAUYUCÁN ,2,-6.6824506,-78.8410093
712,67,BELLAVISTA ,4,-12.0597362,-77.1111612
713,67,CALLAO ,4,-12.0548437,-77.1287335
714,67,CARMEN DE LA LEGUA REYNOSO ,4,-12.0430586,-77.0908775
715,67,LA PERLA ,4,-12.0716034,-77.1173892
716,67,LA PUNTA ,4,-12.0708597,-77.1630399
717,67,VENTANILLA ,4,-11.8846444,-77.1230803
718,67,MI PERÚ ,4,-11.8535764,-77.1203113
719,68,CALCA ,2,-12.9397785,-72.058177
720,68,COYA ,2,-13.3863918,-71.8985883
721,68,LAMAY ,2,-13.3645205,-71.9203033
722,68,LARES ,2,-13.1041821,-72.0442395
723,68,PISAC ,2,-13.4210472,-71.850496
724,68,SAN SALVADOR ,2,-13.4923138,-71.7783551
725,68,TARAY ,2,-13.4275831,-71.8669902
726,68,YANATILE ,2,-12.7656631,-72.1355719
727,69,CHINCHERO ,2,-13.3957999,-72.051771
728,69,HUAYLLABAMBA ,2,-13.3382701,-72.0651037
729,69,MACHUPICCHU ,2,-13.1549508,-72.5249728
730,69,MARAS ,2,-13.3353489,-72.1564755
731,69,OLLANTAYTAMBO ,2,-13.2586458,-72.2636012
732,69,URUBAMBA ,2,-13.1549508,-72.5249728
733,69,YUCAY ,2,-13.3175462,-72.0889732
734,70,CAICAY ,2,-13.5972634,-71.6969307
735,70,CHALLABAMBA ,2,-13.2151286,-71.6485302
736,70,COLQUEPATA ,2,-13.3603934,-71.6734024
737,70,HUANCARANI ,2,-13.5030022,-71.6546176
738,70,KOSÑIPATA ,2,-13.1134125,-71.2908618
739,70,PAUCARTAMBO ,2,-13.2000945,-71.5539961
740,71,ANCAHUASI ,2,-13.4571382,-72.3005668
741,71,ANTA ,2,-13.5,-72.333333
742,71,CACHIMAYO ,2,-13.475679,-72.0694716
743,71,CHINCHAYPUJIO ,2,-13.6294563,-72.2328747
744,71,HUAROCONDO ,2,-13.4151005,-72.2075514
745,71,LIMATAMBO ,2,-13.4797658,-72.44328
746,71,MOLLEPATA ,2,-13.5086248,-72.5276403
747,71,PUCYURA ,2,-13.4793288,-72.1113614
748,71,ZURITE ,2,-13.4554756,-72.2554716
749,72,ANDAHUAYLILLAS ,2,-13.6739086,-71.6776479
750,72,CAMANTI ,2,-13.3648213,-70.7988574
751,72,CCARHUAYO ,2,-13.595283,-71.399952
752,72,CCATCA ,2,-13.5880524,-71.4626652
753,72,CUSIPATA ,2,-13.9066376,-71.5028038
754,72,HUARO ,2,-13.6901139,-71.640723
755,72,LUCRE ,2,-13.6337607,-71.7363891
756,72,MARCAPATA ,2,-13.5917395,-70.9747666
757,72,OCONGATE ,2,-13.6270195,-71.3883538
758,72,OROPESA ,2,-13.5944776,-71.7633315
759,72,QUIQUIJANA ,2,-13.8226604,-71.5421519
760,72,URCOS ,2,-13.6879153,-71.6255835
761,73,ACCHA ,2,-13.971146,-71.8315418
762,73,CCAPI ,2,-13.8532331,-72.0818183
763,73,COLCHA ,2,-13.8510251,-71.8030624
764,73,HUANOQUITE ,2,-13.6816043,-72.0174185
765,73,OMACHA ,2,-14.0696667,-71.7380878
766,73,PACCARITAMBO ,2,-13.7565865,-71.9564872
767,73,PARURO ,2,-13.916667,-71.916667
768,73,PILLPINTO ,2,-13.9535853,-71.7608304
769,73,YAURISQUE ,2,-13.6631911,-71.9216442
770,74,SICUANI ,2,-14.2729288,-71.2265322
771,74,COMBAPATA ,2,-14.1015949,-71.4296335
772,74,MARANGANI ,2,-14.3573737,-71.1686419
773,74,PITUMARCA ,2,-13.9803842,-71.4173328
774,74,SAN PABLO ,2,-14.201866,-71.31498
775,74,SAN PEDRO ,2,-14.1864622,-71.3435744
776,74,CHECACUPE ,2,-14.0251714,-71.4535654
777,74,TINTA ,2,-14.1456699,-71.4071824
778,75,CHECCA ,2,-14.4734175,-71.3942846
779,75,KUNTURKANKI ,2,-14.5267446,-71.2943347
780,75,LANGUI ,2,-14.4324797,-71.2728865
781,75,LAYO ,2,-14.493941,-71.1551204
782,75,PAMPAMARCA ,2,-14.1473692,-71.4598346
783,75,QUEHUE ,2,-14.3801173,-71.4553181
784,75,TÚPAC AMARU ,2,-14.1501198,-71.5272851
785,75,YANAOCA ,2,-14.2169433,-71.4320333
786,76,ACOMAYO ,2,-13.916667,-71.666667
787,76,ACOPIA ,2,-14.057335,-71.4929519
788,76,ACOS ,2,-13.9512794,-71.738232
789,76,MOSOC LLACTA ,2,-14.1204504,-71.4727454
790,76,POMACANCHI ,2,-14.0348231,-71.5709789
791,76,RONDOCÁN ,2,-13.7792824,-71.7818597
792,76,SANGARARA ,2,-13.9472154,-71.6035061
793,77,CCORCA ,2,-13.5844728,-72.0592279
794,77,CUSCO ,2,-13.5250022,-71.9923942
795,77,POROY ,2,-13.4955245,-72.043601
796,77,SAN JERÓNIMO ,2,-13.5585733,-71.8883114
797,77,SAN SEBASTIÁN ,2,-13.5336964,-71.9221574
798,77,SANTIAGO ,2,-13.5702931,-71.9920183
799,77,SAYLLA ,2,-13.5702475,-71.8271365
800,77,WANCHAQ ,2,-13.5203257,-71.970999
801,78,ECHARATE ,2,-12.2758235,-72.6886897
802,78,HUAYOPATA ,2,-13.0038895,-72.5929645
803,78,MARANURA ,2,-12.963611,-72.6646521
804,78,OCOBAMBA ,2,-12.8911407,-72.4320222
805,78,PICHARI ,2,-12.5201296,-73.8282497
806,78,QUELLOUNO ,2,-12.6363708,-72.5570935
807,78,KIMBIRI ,2,-12.6203873,-73.7885096
808,78,SANTA ANA ,2,-12.860782,-72.7440796
809,78,SANTA TERESA ,2,-13.1301673,-72.594278
810,78,VILCABAMBA ,2,-13.1203657,-72.9767532
811,78,MEGANTONI ,2,-11.7170773,-72.9098103
812,78,VILLA KINTIARINA ,2,-12.910516,-73.4779876
813,78,VILLA VIRGEN ,2,-13.0023279,-73.5127661
814,78,INKAWASI ,2,-13.2868343,-73.2084105
815,78,KUMPIRUSHIATO ,2,-12.6170006,-73.1049823
816,78,CIELO PUNCO ,2,-12.7984591,-73.5525151
817,78,MANITEA ,2,-12.7299673,-73.5863594
818,78,UNIÓN ASHANINKA ,2,0.0,0.0
819,79,CAPACMARCA ,2,-14.0071868,-72.0028173
820,79,CHAMACA ,2,-14.3023791,-71.8525723
821,79,COLQUEMARCA ,2,-14.2846792,-72.0407386
822,79,LIVITACA ,2,-14.3125299,-71.6895185
823,79,LLUSCO ,3,-14.337199,-72.11399
824,79,QUIÑOTA ,3,-14.3114158,-72.1383145
825,79,SANTO TOMÁS ,3,-14.4500414,-72.081998
826,79,VELILLE ,3,-14.5101172,-71.8846039
827,80,CONDOROMA ,3,-15.3004476,-71.1380196
828,80,COPORAQUE ,3,-14.8007408,-71.5317853
829,80,ESPINAR ,3,-14.8105832,-71.2832861
830,80,OCORURO ,3,-15.0523951,-71.1290281
831,80,PALLPATA ,3,-14.9441364,-71.0799121
832,80,PICHIGUA ,3,-14.6777982,-71.4063142
833,80,SUYCKUTAMBO ,3,-15.0083849,-71.6447949
834,80,ALTO PICHIGUA ,3,-14.7375545,-71.2167206
835,81,ANCO ,2,-12.643635,-74.5724185
836,81,CHINCHIHUASI ,2,-12.5185266,-74.5477628
837,81,CHURCAMPA ,2,-12.5737973,-74.4781851
838,81,COSME ,2,-12.5805742,-74.6475506
839,81,EL CARMEN ,2,-12.7014725,-74.4949864
840,81,LA MERCED ,2,-12.7882357,-74.3589274
841,81,LOCROJA ,2,-12.7402997,-74.4417478
842,81,PACHAMARCA ,2,-12.5154459,-74.5263483
843,81,PAUCARBAMBA ,2,-12.5540738,-74.5319669
844,81,SAN  MIGUEL  DE ,2,-12.6600122,-75.3515811
845,81,MAYOCC ,2,-12.80555,-74.3899085
846,81,SAN PEDRO DE CORIS ,2,-12.5781896,-74.411711
847,82,ACOBAMBA ,2,-12.7925429,-74.5882951
848,82,ANDABAMBA ,2,-12.6937656,-74.6237846
849,82,ANTA ,2,-12.8121624,-74.6385209
850,82,CAJA ,2,-12.9155215,-74.4661521
851,82,MARCAS ,2,-12.8901711,-74.3979132
852,82,PAUCARA ,2,-12.7270517,-74.7150305
853,82,POMACOCHA ,2,-12.8741295,-74.5316587
854,82,ROSARIO ,2,-12.7211475,-74.5824988
855,83,COLCABAMBA ,2,-12.4105449,-74.6798252
856,83,QUICHUAS ,2,-12.470459,-74.7695523
857,83,DANIEL HERNÁNDEZ ,2,-12.3551351,-74.8309521
858,83,HUACHOCOLPA ,2,-13.0317426,-74.9470783
859,83,HUARIBAMBA ,2,-12.2795264,-74.9381957
860,83,QUISHUAR ,2,-12.2439427,-74.7773826
861,83,SALCABAMBA ,2,-12.201982,-74.7807505
862,83,SAN  MARCOS ,2,-12.0938577,-74.8636269
863,83,ROCCHAC ,2,-12.0938577,-74.8636269
864,83,SALCAHUASI ,2,-12.1037609,-74.7515924
865,83,SURCUBAMBA ,2,-12.1163321,-74.630159
866,83,TINTAY PUNCU ,2,-12.1819148,-74.564408
867,83,PICHOS ,2,-12.2362041,-74.93875
868,83,ROBLE ,2,-12.236225,-74.4489114
869,83,ANDAYMARCA ,2,-12.3155237,-74.6353304
870,83,LAMBRAS ,2,-13.0500139,-74.4136056
871,83,COCHABAMBA ,2,-12.2079507,-74.5428032
872,83,ACOSTAMBO ,3,-12.3652754,-75.0547686
873,83,ACRAQUIA ,3,-12.4068422,-74.9013577
874,83,AHUAYCHA ,3,-12.4074359,-74.8914236
875,83,HUANDO ,3,-12.564374,-74.9472848
876,83,ÑAHUIMPUQUIO ,3,-12.3291386,-75.0698756
877,83,PAMPAS ,3,-12.3987428,-74.8684404
878,83,PAZOS ,3,-12.259004,-75.0704157
879,83,SANTIAGO DE TUCUMA ,3,-12.310305,-74.8923853
880,84,CHINCHO ,2,-12.9728691,-74.3673271
881,84,ANCHONGA ,3,-12.91312,-74.6914334
882,84,CALLANMARCA ,3,-12.8668887,-74.6231309
883,84,CCOCHACCASA ,3,-12.9275399,-74.7699827
884,84,CONGALLA ,3,-12.9560195,-74.4922582
885,84,HUANCA-HUANCA ,3,-12.9189354,-74.6101325
886,84,HUAYLLAY GRANDE ,3,-12.9423943,-74.701823
887,84,JULCAMARCA ,3,-13.0143703,-74.4447304
888,84,LIRCAY ,3,-12.9895611,-74.720505
889,84,SAN  ANTONIO  DE ,3,-12.6913767,-75.2471329
890,84,ANTAPARCO ,3,-13.0764183,-74.4115447
891,84,SECCLLA ,3,-13.0826043,-74.5548231
892,84,SANTO TOMÁS DE PATA ,3,-13.1131122,-74.4193193
893,85,ACOBAMBILLA ,3,-12.6643224,-75.3242455
894,85,ACORIA ,3,-12.6428929,-74.8616179
895,85,ASCENSIÓN ,3,-12.7842118,-74.9761104
896,85,CONAYCA ,3,-12.5198762,-75.0069803
897,85,CUENCA ,3,-12.4331919,-75.0386638
898,85,HUACHOCOLPA ,3,-13.0317426,-74.9470783
899,85,HUANCAVELICA ,3,-12.7842118,-74.9761104
900,85,HUAYLLAHUARA ,3,-12.4094641,-75.1783538
901,85,IZCUCHACA ,3,-12.5005983,-74.997274
902,85,LARIA ,3,-12.5612405,-75.0368788
903,85,MANTA ,3,-12.6202779,-75.211004
904,85,MARISCAL CÁCERES ,3,-12.5341479,-74.9333102
905,85,MOYA ,3,-12.4232508,-75.1538265
906,85,NUEVO OCCORO ,3,-12.5947537,-75.0196367
907,85,PALCA ,3,-12.6566995,-74.9805785
908,85,PILCHACA ,3,-12.4011858,-75.0838268
909,85,VILCA ,3,-12.4773763,-75.1834515
910,85,YAULI ,3,-12.7698467,-74.851089
911,86,ARMA ,3,-13.119588,-75.4995574
912,86,AURAHUA ,3,-13.0345915,-75.5702545
913,86,CASTROVIRREYNA ,3,-13.1480289,-75.4187395
914,86,CHUPAMARCA ,3,-13.0375725,-75.6097176
915,86,COCAS ,3,-13.2759649,-75.3724533
916,86,HUACHOS ,3,-13.2199235,-75.533642
917,86,HUAMATAMBO ,3,-13.1043837,-75.6900782
918,86,MOLLEPAMPA ,3,-13.3112167,-75.4100221
919,86,SANTA ANA ,3,-13.0718246,-75.140173
920,86,TANTARA ,3,-13.0738858,-75.6447005
921,86,TICRAPO ,3,-13.3818012,-75.4324836
922,86,CAPILLAS ,4,-13.2931099,-75.5423408
923,86,SAN JUAN ,4,-13.2034336,-75.6345057
924,87,SAN  ANTONIO  DE ,3,-12.6913767,-75.2471329
925,87,CUSICANCHA ,3,-13.5024725,-75.2935959
926,87,PILPICHACA ,3,-13.3301641,-74.9769545
927,87,QUERCO ,3,-13.9795156,-74.9768017
928,87,AYAVI ,4,-13.9512196,-75.2652821
929,87,CÓRDOVA ,4,-14.0078359,-75.1578755
930,87,HUAYACUNDO ARMA ,4,-13.5340073,-75.314588
931,87,HUAYTARÁ ,4,-13.6710793,-75.0995879
932,87,LARAMARCA ,4,-13.9484741,-75.0353852
933,87,OCOYO ,4,-14.0082383,-75.022463
934,87,QUITO-ARMA ,4,-13.5285368,-75.3275782
935,87,SAN  FRANCISCO  DE ,4,-12.7448745,-74.4397467
936,87,SANGAYAICO ,4,-13.7950345,-75.2489987
937,87,SAN ISIDRO ,4,-13.9794303,-75.2395936
938,87,SANTIAGO  DE ,4,-14.0554119,-74.9769274
939,87,CHOCORVOS ,4,-13.8253228,-75.2576875
940,87,SANTIAGO  DE ,4,-14.0554119,-74.9769274
941,87,QUIRAHUARA ,4,-14.0558994,-74.9765288
942,87,SANTO  DOMINGO  DE ,4,-13.7368146,-75.2437
943,87,CAPILLAS ,4,-13.2931099,-75.5423408
944,87,TAMBO ,4,-13.6895118,-75.2746802
945,88,HUÁNUCO ,2,-9.2854917,-76.0091518
946,88,AMARILIS ,2,-9.9546102,-76.1800823
947,88,CHINCHAO ,2,-9.6146422,-76.1287916
948,88,CHURUBAMBA ,2,-9.8256913,-76.133709
949,88,MARGOS ,2,-10.0054151,-76.5230933
950,88,PILLCO MARCA ,2,-9.9521512,-76.2508855
951,88,QUISQUI ,2,-9.8913497,-76.4033952
952,88,SAN  FRANCISCO  DE ,2,-10.3340887,-76.2850016
953,88,CAYRÁN ,2,-9.9809441,-76.2840307
954,88,SAN  PEDRO  DE ,2,-9.7211854,-76.7954855
955,88,CHAULAN ,2,-10.0561713,-76.4857864
956,88,SANTA MARÍA DEL VALLE ,2,-9.8628206,-76.1699493
957,88,YARUMAYO ,2,-10.0044402,-76.468443
958,88,YACUS ,2,-9.9858734,-76.5054256
959,88,SAN PABLO DE PILLAO ,2,-9.7954978,-75.9955698
960,89,HUACAYBAMBA ,2,-8.972827,-76.8199087
961,89,CANCHABAMBA ,2,-8.8848281,-77.1233897
962,89,COCHABAMBA ,2,-9.0950192,-76.8366288
963,89,PINRA ,2,-8.9248412,-77.0153552
964,90,RUPA-RUPA ,2,-9.1990928,-76.1312275
965,90,JOSÉ CRESPO Y CASTILLO ,2,-8.8511045,-76.0736301
966,90,MARIANO  DAMASO ,2,-9.3947394,-76.0248833
967,90,BERAÚN ,2,-9.3947394,-76.0248833
968,90,DANIEL ALOMIA ROBLES ,2,-9.3900137,-75.7439285
969,90,LUYANDO ,2,-9.1962396,-75.9736245
970,90,HERMILIO VALDIZÁN ,2,-9.1388577,-75.8828696
971,90,CASTILLO GRANDE ,2,-9.2854917,-76.0091518
972,90,PUCAYACU ,2,-8.5789698,-76.0910789
973,90,SANTO  DOMINGO  DE ,2,-8.9690226,-75.9588932
974,90,ANDA ,2,-9.0559066,-76.0761628
975,90,PUEBLO NUEVO ,2,-9.0815627,-75.9649437
976,91,HUACRACHUCO ,2,-8.604487,-77.1492362
977,91,CHOLÓN ,2,-8.646668,-76.7448914
978,91,SAN BUENAVENTURA ,2,-8.7676146,-77.1859476
979,91,LA MORADA ,2,-8.7947478,-76.2493712
980,91,SANTA ROSA DE ALTO YANAJANCA ,2,-8.7763623,-76.5106866
981,92,PUERTO INCA ,2,-9.3965671,-75.143911
982,92,CODO DEL POZUZO ,2,-9.6468447,-75.4831107
983,92,HONORIA ,2,-8.7152751,-74.6871746
984,92,TOURNAVISTA ,2,-8.9307277,-74.7051197
985,92,YUYAPICHIS ,2,-9.6274545,-74.9742276
986,93,CHAVINILLO ,2,-9.8587298,-76.608363
987,93,CAHUAC ,2,-9.852732,-76.6306686
988,93,CHACABAMBA ,2,-9.9004495,-76.6106808
989,93,APARICIO POMARES ,2,-9.7226484,-76.5660686
990,93,JACAS CHICO ,2,-9.861128,-76.4945526
991,93,OBAS ,2,-9.7952931,-76.666242
992,93,PAMPAMARCA ,2,-9.7054721,-76.7027503
993,93,CHORAS ,2,-9.910101,-76.6059037
994,94,PANAO ,2,-9.8974849,-75.9942918
995,94,CHAGLLA ,2,-9.8449412,-75.9030616
996,94,MOLINO ,2,-9.910194,-76.0164374
997,94,UMARI ,2,-9.8731104,-76.0257002
998,95,AMBO ,2,-10.166667,-76.166667
999,95,CAYNA ,2,-10.2723727,-76.3886207
1000,95,COLPAS ,2,-10.2681315,-76.4153945
1001,95,CONCHAMARCA ,2,-10.0357616,-76.2165665
1002,95,HUACAR ,2,-10.2043213,-76.2766508
1003,95,SAN FRANCISCO ,2,-10.3340887,-76.2850016
1004,95,SAN RAFAEL ,2,-10.3378964,-76.182284
1005,95,TOMAY KICHWA ,2,-10.0634101,-76.1907262
1006,96,ARANCAY ,2,-9.1720821,-76.7513311
1007,96,CHAVÍN DE PARIARCA ,2,-9.4261524,-76.7566217
1008,96,JACAS GRANDE ,2,-9.5399908,-76.7370621
1009,96,JIRCAN ,2,-9.2467919,-76.7191947
1010,96,MONZÓN ,2,-9.279636,-76.3963652
1011,96,PUNCHAO ,2,-9.4623743,-76.8198686
1012,96,SINGA ,2,-9.3885999,-76.8126267
1013,96,TANTAMAYO ,2,-9.3924337,-76.7200432
1014,96,LLATA ,3,-9.5499479,-76.8156098
1015,96,MIRAFLORES ,3,-9.4941859,-76.8186611
1016,96,PUÑOS ,3,-9.4997731,-76.8829418
1017,97,CHUQUIS ,2,-9.6773548,-76.7047049
1018,97,MARÍAS ,2,-9.5345967,-76.4411642
1019,97,QUIVILLA ,2,-9.600044,-76.725922
1020,97,LA UNIÓN ,3,-9.8284557,-76.8013469
1021,97,PACHAS ,3,-9.7069274,-76.771447
1022,97,RIPAN ,3,-9.8284954,-76.8030596
1023,97,SHUNQUI ,3,-9.7311947,-76.7833329
1024,97,SILLAPATA ,3,-9.7568791,-76.7747338
1025,97,YANAS ,3,-9.7144768,-76.750043
1026,98,BAÑOS ,3,-10.0760293,-76.7358351
1027,98,JESÚS ,3,-10.0781114,-76.6315739
1028,98,JIVIA ,3,-10.0238918,-76.6805659
1029,98,QUEROPALCA ,3,-10.1816645,-76.8045846
1030,98,RONDOS ,3,-9.9840194,-76.6890145
1031,98,SAN  FRANCISCO DE ASIS ,3,-9.9773301,-76.6289428
1032,98,SAN MIGUEL DE CAURI ,3,-10.2906895,-76.6301615
1033,99,SAN  PEDRO  DE ,3,-13.4150729,-76.1451907
1034,99,HUACARPANA ,3,-13.0488651,-75.6480135
1035,99,ALTO LARAN ,4,-13.4423102,-76.0828334
1036,99,CHAVÍN ,4,-13.0770802,-75.9129889
1037,99,CHINCHA ALTA ,4,-13.417488,-76.1325726
1038,99,CHINCHA BAJA ,4,-13.4590207,-76.1616928
1039,99,EL CARMEN ,4,-13.4970846,-76.0697065
1040,99,GROCIO PRADO ,4,-13.291163,-76.1546517
1041,99,PUEBLO NUEVO ,4,-14.1274179,-75.7059308
1042,99,SAN JUAN DE YÁNAC ,4,-13.2109521,-75.7868747
1043,99,SUNAMPE ,4,-13.4272798,-76.1642592
1044,99,TAMBO DE MORA ,4,-13.4584129,-76.1826425
1045,100,LLIPATA ,4,-14.5632559,-75.2074279
1046,100,PALPA ,4,-14.3514852,-75.1707869
1047,100,RÍO GRANDE ,4,-14.5200899,-75.2015081
1048,100,SANTA CRUZ ,4,-14.4530297,-75.2393876
1049,100,TIBILLO ,4,-14.0936575,-75.1719772
1050,101,ICA ,4,-14.0640967,-75.7290915
1051,101,LA TINGUIÑA ,4,-14.0390299,-75.7121428
1052,101,LOS AQUIJES ,4,-14.0963782,-75.6911243
1053,101,OCUCAJE ,4,-14.3470669,-75.6717561
1054,101,PACHACÚTEC ,4,-14.1542383,-75.6548219
1055,101,PARCONA ,4,-14.046921,-75.6987179
1056,101,PUEBLO NUEVO ,4,-14.1274179,-75.7059308
1057,101,SALAS ,4,-13.9205918,-75.8852226
1058,101,SAN  JOSÉ  DE ,4,-14.8296733,-74.9330013
1059,101,MOLINOS ,4,-13.9329244,-75.6709597
1060,101,SAN JUAN BAUTISTA ,4,-14.0110012,-75.7348892
1061,101,SANTIAGO ,4,-14.1876287,-75.7141887
1062,101,SUBTANJALLA ,4,-14.0184761,-75.7583584
1063,101,TATE ,4,-14.1518067,-75.7044643
1064,101,YAUCA DEL ROSARIO ,4,-14.0914702,-75.4206358
1065,102,CHANGUILLO ,4,-14.6639776,-75.222762
1066,102,EL INGENIO ,4,-14.6451139,-75.0583569
1067,102,MARCONA ,4,-15.2155331,-75.0830344
1068,102,NASCA ,4,-14.8277203,-74.9370624
1069,102,VISTA ALEGRE ,4,-14.8455251,-74.9439397
1070,103,HUANCANO ,4,-13.600627,-75.6184308
1071,103,HUMAY ,4,-13.7225359,-75.8866165
1072,103,INDEPENDENCIA ,4,-13.6938769,-76.0239074
1073,103,PARACAS ,4,-13.8350425,-76.2496219
1074,103,PISCO ,4,-13.7099813,-76.2029793
1075,103,SAN ANDRÉS ,4,-13.8081702,-76.0825964
1076,103,SAN CLEMENTE ,4,-13.6807983,-76.1574626
1077,103,TÚPAC AMARU INCA ,4,-13.7134024,-76.1490753
1078,104,CHANCHAMAYO ,2,-11.0147253,-75.0892243
1079,104,PERENÉ ,2,-10.9914881,-74.7647896
1080,104,PICHANAQUI ,2,-11.002808,-74.815139
1081,104,SAN LUIS DE SHUARO ,2,-10.8887276,-75.288652
1082,104,SAN RAMÓN ,2,-11.1214018,-75.3521478
1083,104,VITOC ,2,-11.2101234,-75.3345823
1084,105,COVIRIALI ,2,-11.2907323,-74.627595
1085,105,LLAYLLA ,2,-11.3814789,-74.5906234
1086,105,MAZAMARI ,2,-11.3288086,-74.5306852
1087,105,PAMPA HERMOSA ,2,-11.4334433,-74.834495
1088,105,PANGOA ,2,-11.7553934,-74.3850308
1089,105,RÍO NEGRO ,2,-11.2083552,-74.6596906
1090,105,RÍO TAMBO ,2,-11.0567958,-73.743171
1091,105,SATIPO ,2,-11.5538237,-74.1181641
1092,105,VIZCATÁN DEL ENE ,2,-12.1981072,-74.1768589
1093,106,ACOBAMBA ,2,-11.3525421,-75.6593674
1094,106,HUASAHUASI ,2,-11.2652992,-75.6504254
1095,106,PALCA ,2,-11.3462905,-75.5689705
1096,106,PALCAMAYO ,2,-11.2952088,-75.7718904
1097,106,SAN PEDRO DE CAJAS ,2,-11.2497005,-75.8626754
1098,106,TAPO ,2,-11.3898931,-75.5640373
1099,106,HUARICOLCA ,3,-11.5116371,-75.652586
1100,106,LA UNIÓN ,3,-11.3628554,-75.8176742
1101,106,TARMA ,3,-11.2949681,-75.7163878
1102,107,ANDAMARCA ,2,-11.7284385,-74.8022296
1103,107,COCHAS ,2,-11.659928,-75.102177
1104,107,COMAS ,2,-11.6578955,-74.9817936
1105,107,MARISCAL CASTILLA ,2,-11.5894535,-75.1144821
1106,107,ACO ,3,-11.9578405,-75.3673014
1107,107,CHAMBARÁ ,3,-12.0274597,-75.3750545
1108,107,CONCEPCIÓN ,3,-11.7439496,-75.1002502
1109,107,HEROÍNAS TOLEDO ,3,-11.8385909,-75.2860121
1110,107,MANZANARES ,3,-12.0001258,-75.3636274
1111,107,MATAHUASI ,3,-11.8937662,-75.3439685
1112,107,MITO ,3,-11.9365814,-75.3384517
1113,107,NUEVE DE JULIO ,3,-11.8913415,-75.3149266
1114,107,ORCOTUNA ,3,-11.9688991,-75.3097665
1115,107,SAN JOSÉ DE QUERO ,3,-12.0854846,-75.5362388
1116,107,SANTA ROSA DE OCOPA ,3,-11.8766953,-75.2952236
1117,108,AHUAC ,3,-12.0856856,-75.3207776
1118,108,CHONGOS BAJO ,3,-12.134336,-75.2680793
1119,108,CHUPACA ,3,-12.1821023,-75.3934183
1120,108,HUÁCHAC ,3,-12.0205443,-75.3427247
1121,108,HUAMANCACA CHICO ,3,-12.0809635,-75.2421078
1122,108,SAN JUAN DE JARPA ,3,-12.1257643,-75.4352044
1123,108,SAN JUAN DE ISCOS ,3,-12.0983216,-75.293125
1124,108,TRES DE DICIEMBRE ,3,-12.1096449,-75.2456993
1125,108,YANACANCHA ,3,-12.2010926,-75.3870256
1126,109,PARIAHUANCA ,2,-12.0289904,-74.8522455
1127,109,SANTO  DOMINGO  DE ACOBAMBA ,2,-11.7688897,-74.7951955
1128,109,CARHUACALLANGA ,3,-12.3547508,-75.2005121
1129,109,CHACAPAMPA ,3,-12.3978823,-75.234247
1130,109,CHICCHE ,3,-12.2959624,-75.2977476
1131,109,CHILCA ,3,-12.0777922,-75.1825684
1132,109,CHONGOS ALTO ,3,-12.3112695,-75.2890328
1133,109,CHUPURO ,3,-12.155252,-75.2454579
1134,109,COLCA ,3,-12.3178258,-75.2231312
1135,109,CULLHUAS ,3,-12.2237833,-75.1705501
1136,109,EL TAMBO ,3,-11.97218,-75.1473422
1137,109,HUACRAPUQUIO ,3,-12.1736583,-75.2190435
1138,109,HUALHUAS ,3,-11.9716095,-75.2510503
1139,109,HUANCÁN ,3,-12.1062776,-75.2167958
1140,109,HUANCAYO ,3,-12.0759622,-75.2060442
1141,109,HUASICANCHA ,3,-12.3320127,-75.2821253
1142,109,HUAYUCACHI ,3,-12.1382374,-75.2231754
1143,109,INGENIO ,3,-11.8897586,-75.2654169
1144,109,PILCOMAYO ,3,-12.0493725,-75.2504039
1145,109,PUCARÁ ,3,-12.1725957,-75.1454737
1146,109,QUICHUAY ,3,-11.8898124,-75.286375
1147,109,QUILCAS ,3,-11.9598623,-75.2749447
1148,109,SAN AGUSTÍN ,3,-11.9900626,-75.2440041
1149,109,SAN  JERÓNIMO TUNÁN DE SAÑO ,3,0.0,0.0
1150,109,SAPALLANGA ,3,-12.1411903,-75.1578244
1151,109,SICAYA ,3,-12.0151728,-75.2800852
1152,109,VIQUES ,3,-12.1596675,-75.2323177
1153,110,APATA ,2,-11.8543875,-75.3559523
1154,110,MOLINOS ,2,-11.5950815,-75.3285178
1155,110,MONOBAMBA ,2,-11.3607901,-75.3266935
1156,110,RICRÁN ,2,-11.542522,-75.5233267
1157,110,ACOLLA ,3,-11.7314085,-75.5464856
1158,110,ATAURA ,3,-11.8026294,-75.4386279
1159,110,CANCHAYLLO ,3,-11.8018779,-75.7177366
1160,110,CURICACA ,3,-11.76559,-75.6790787
1161,110,EL MANTARO ,3,-11.816405,-75.3876405
1162,110,HUAMALÍ ,3,-11.8070005,-75.4240414
1163,110,HUARIPAMPA ,3,-11.8073501,-75.4706937
1164,110,HUERTAS ,3,-11.7601987,-75.469465
1165,110,JANJAILLO ,3,-11.7652106,-75.6201561
1166,110,JAUJA ,3,-11.685762,-75.4142351
1167,110,JULCÁN ,3,-11.759447,-75.4357016
1168,110,LEONOR ORDÓÑEZ ,3,-11.8636431,-75.4255131
1169,110,LLOCLLAPAMPA ,3,-11.8173673,-75.6243185
1170,110,MARCO ,3,-11.7400666,-75.5612829
1171,110,MASMA ,3,-11.7856862,-75.4263838
1172,110,MASMA CHICCHE ,3,-11.7743712,-75.3576469
1173,110,MUQUI ,3,-11.8332148,-75.4345912
1174,110,MUQUIYAUYO ,3,-11.8138007,-75.4538897
1175,110,PACA ,3,-11.7088153,-75.518081
1176,110,PACCHA ,3,-11.8543999,-75.5074027
1177,110,PANCÁN ,3,-11.7487988,-75.4863444
1178,110,PARCO ,3,-11.8010541,-75.5430543
1179,110,POMACANCHA ,3,-11.6347181,-75.6842784
1180,110,SAN LORENZO ,3,-11.8465945,-75.3832957
1181,110,SAN PEDRO DE CHUNÁN ,3,-11.7262482,-75.486154
1182,110,SAUSA ,3,-11.793178,-75.4828109
1183,110,SINCOS ,3,-11.891261,-75.3879811
1184,110,TUNAN MARCA ,3,-11.6968685,-75.604937
1185,110,YAULI ,3,-11.5348337,-76.0705366
1186,110,YAUYOS ,3,-11.799505,-75.5129163
1187,111,CARHUAMAYO ,2,-10.9224563,-76.0578361
1188,111,ULCUMAYO ,2,-10.9675151,-75.8778743
1189,111,JUNÍN ,3,-33.0937375,-68.4733902
1190,111,ONDORES ,3,-11.0837184,-76.1470415
1191,112,CHACAPALPA ,3,-11.716655,-75.8196008
1192,112,HUAY-HUAY ,3,-11.7176193,-75.9676329
1193,112,LA OROYA ,3,-11.5213917,-75.8998811
1194,112,MARCAPOMACOCHA ,3,-11.4067051,-76.3361476
1195,112,MOROCOCHA ,3,-11.6063221,-76.1326297
1196,112,PACCHA ,3,-11.8543999,-75.5074027
1197,112,SANTA  BÁRBARA  DE CARHUACAYÁN ,3,-11.2014863,-76.3433373
1198,112,SANTA ROSA DE SACCO ,3,-11.5668007,-75.9561306
1199,112,SUITUCANCHA ,3,-11.7879517,-75.9370765
1200,112,YAULI ,3,-11.5348337,-76.0705366
1201,113,BAMBAMARCA ,2,-7.4400512,-77.6927933
1202,113,BOLÍVAR ,2,-7.3138622,-77.739821
1203,113,CONDORMARCA ,2,-7.5430367,-77.5889964
1204,113,LONGOTEA ,2,-7.0436074,-77.8720314
1205,113,UCHUMARCA ,2,-7.0470027,-77.8056155
1206,113,UCUNCHA ,2,-7.1654654,-77.8593877
1207,114,BULDIBUYO ,2,-8.1272065,-77.3950137
1208,114,CHILLIA ,2,-8.1246309,-77.514993
1209,114,HUANCASPATA ,2,-8.4572986,-77.298332
1210,114,HUAYLILLAS ,2,-8.1876887,-77.3431565
1211,114,HUAYO ,2,-8.004681,-77.5923049
1212,114,ONGON ,2,-8.2076315,-76.9831223
1213,114,PARCOY ,2,-8.0337074,-77.4796539
1214,114,PATAZ ,2,-8.2024294,-77.3141069
1215,114,PIAS ,2,-7.8720414,-77.546594
1216,114,SANTIAGO DE CHALLAS ,2,-8.4333101,-77.3647513
1217,114,TAURIJA ,2,-8.307586,-77.4230687
1218,114,TAYABAMBA ,2,-8.275946,-77.2962826
1219,114,URPAY ,2,-8.3479399,-77.3892967
1220,115,COCHORCO ,2,-7.8092809,-77.6869297
1221,115,SARTIMBAMBA ,2,-7.698956,-77.7437094
1222,115,CHUGAY ,3,-7.7823194,-77.8677061
1223,115,CURGOS ,3,-7.8602476,-77.94356
1224,115,HUAMACHUCO ,3,-7.8154676,-78.0487063
1225,115,MARCABAL ,3,-7.7060639,-78.0333428
1226,115,SANAGORAN ,3,-7.7885092,-78.139451
1227,115,SARÍN ,3,-7.9188576,-77.9263227
1228,116,ANGASMARCA ,3,-8.1452003,-78.0544013
1229,116,CACHICADAN ,3,-8.0946386,-78.1489283
1230,116,MOLLEBAMBA ,3,-8.1705327,-77.9740965
1231,116,MOLLEPATA ,3,-8.1934006,-77.957593
1232,116,QUIRUVILCA ,3,-8.0017432,-78.3098616
1233,116,SANTA CRUZ DE CHUCA ,3,-8.1201411,-78.1423829
1234,116,SANTIAGO DE CHUCO ,3,-8.1566505,-78.1071777
1235,116,SITABAMBA ,3,-8.0224019,-77.7301793
1236,117,CASCAS ,3,-7.479441,-78.819392
1237,117,LUCMA ,3,-7.640631,-78.5526335
1238,117,MARMOT ,3,-7.6731177,-78.6824156
1239,117,SAYAPULLO ,3,-7.5954683,-78.4658832
1240,118,CALAMARCA ,3,-8.1700672,-78.4115144
1241,118,CARABAMBA ,3,-8.1128282,-78.6077347
1242,118,HUASO ,3,-8.2245143,-78.4137337
1243,118,JULCÁN ,3,-8.14869,-78.47508
1244,119,AGALLPAMPA ,3,-7.9821175,-78.5467679
1245,119,CHARAT ,3,-7.8236151,-78.4478236
1246,119,HUARANCHAL ,3,-7.6897064,-78.4427284
1247,119,LA CUESTA ,3,-7.9020336,-78.6651035
1248,119,MACHE ,3,-8.030106,-78.5351497
1249,119,OTUZCO ,3,-7.8414958,-78.5256548
1250,119,PARANDAY ,3,-7.8845029,-78.6994572
1251,119,SALPO ,3,-8.0030772,-78.6043667
1252,119,SINSICAP ,3,-7.8515877,-78.7545356
1253,119,USQUIL ,3,-7.8154816,-78.4168122
1254,120,CHEPÉN ,4,-7.1070009,-79.4813972
1255,120,PACANGA ,4,-7.1713536,-79.485808
1256,120,PUEBLO NUEVO ,4,-7.1884224,-79.5149377
1257,121,ASCOPE ,4,-7.724625,-79.1836658
1258,121,CASA GRANDE ,4,-7.7446102,-79.1879884
1259,121,CHICAMA ,4,-7.843424,-79.1451857
1260,121,CHOCOPE ,4,-7.7918461,-79.2226569
1261,121,MAGDALENA DE CAO ,4,-7.8776501,-79.2944588
1262,121,PAIJÁN ,4,-7.7342569,-79.3032804
1263,121,RÁZURI ,4,-7.6869321,-79.3836782
1264,121,SANTIAGO DE CAO ,4,-7.9604543,-79.2380208
1265,122,GUADALUPE ,4,-7.2433206,-79.4703695
1266,122,JEQUETEPEQUE ,4,-7.3379078,-79.5632502
1267,122,PACASMAYO ,4,-7.4256489,-79.4339502
1268,122,SAN JOSÉ ,4,-7.3500235,-79.4550174
1269,122,SAN PEDRO DE LLOC ,4,-7.4246919,-79.5032823
1270,123,EL PORVENIR ,4,-8.0516808,-79.0016911
1271,123,FLORENCIA DE MORA ,4,-8.0808282,-79.0220668
1272,123,HUANCHACO ,4,-8.0794934,-79.1202668
1273,123,LA ESPERANZA ,4,-8.0633115,-79.0590158
1274,123,LAREDO ,4,-8.0864545,-78.9594124
1275,123,MOCHE ,4,-8.1714148,-79.008936
1276,123,POROTO ,4,-8.0114305,-78.7680219
1277,123,SALAVERRY ,4,-8.2241119,-78.9763929
1278,123,SIMBAL ,4,-7.9763428,-78.8136381
1279,123,TRUJILLO ,4,-8.1116778,-79.0287742
1280,123,VÍCTOR  LARCO ,4,-8.1163374,-79.0314697
1281,123,HERRERA ,4,-8.1403904,-79.044612
1282,123,ALTO TRUJILLO ,4,-8.062749,-79.0100315
1283,124,CHAO ,4,-8.5390575,-78.6790415
1284,124,GUADALUPITO ,4,-8.9511379,-78.6247273
1285,124,VIRÚ ,4,-8.5323927,-78.5670295
1286,125,CAÑARIS ,3,-6.0676442,-79.2949441
1287,125,INCAHUASI ,3,-6.2356517,-79.3167892
1288,125,FERREÑAFE ,4,-6.4471197,-79.5070381
1289,125,MANUEL  ANTONIO ,4,-6.6327784,-79.6761982
1290,125,MESONES MURO ,4,-6.6444834,-79.7392234
1291,125,PITIPO ,4,-6.5657046,-79.7808727
1292,125,PUEBLO NUEVO ,4,-6.6279775,-79.8232905
1293,126,SALAS ,3,-6.2740246,-79.6057292
1294,126,CHOCHOPE ,4,-6.1577994,-79.6480109
1295,126,ILLIMO ,4,-6.4740731,-79.8551381
1296,126,JAYANCA ,4,-6.3922485,-79.822774
1297,126,LAMBAYEQUE ,4,-6.7727241,-79.8446151
1298,126,MOCHUMI ,4,-6.5474461,-79.8645893
1299,126,MÓRROPE ,4,-6.5118979,-80.1406174
1300,126,MOTUPE ,4,-6.1544303,-79.717074
1301,126,OLMOS ,4,-5.9881884,-79.7472907
1302,126,PACORA ,4,-6.4282657,-79.8390405
1303,126,SAN JOSÉ ,4,-6.7676082,-79.9692879
1304,126,TUCUME ,4,-6.5097858,-79.8594132
1305,127,CAYALTÍ ,4,-6.8922228,-79.5620121
1306,127,CHICLAYO ,4,-6.7727241,-79.8446151
1307,127,CHONGOYAPE ,4,-6.6434984,-79.3851288
1308,127,ETÉN ,4,-6.9074587,-79.8628053
1309,127,ETÉN PUERTO ,4,-6.9541396,-79.8473494
1310,127,JOSÉ LEONARDO ORTIZ ,4,-6.7420777,-79.8342124
1311,127,LA VICTORIA ,4,-6.8192293,-79.8591182
1312,127,LAGUNAS ,4,-7.0570521,-79.7395957
1313,127,MONSEFÚ ,4,-6.8777743,-79.8720043
1314,127,NUEVA ARICA ,4,-6.8738122,-79.3437522
1315,127,OYOTUN ,4,-6.8456153,-79.3024852
1316,127,PATAPO ,4,-6.7380722,-79.6391387
1317,127,PICSI ,4,-6.7181436,-79.7702045
1318,127,PIMENTEL ,4,-6.8358356,-79.9358318
1319,127,POMALCA ,4,-6.7674263,-79.7774973
1320,127,PUCALA ,4,-6.7813847,-79.6107119
1321,127,REQUE ,4,-6.8652593,-79.8187449
1322,127,SANTA ROSA ,4,-6.8792983,-79.9224844
1323,127,SAÑA ,4,-6.8801558,-79.4223445
1324,127,TUMÁN ,4,-6.7502321,-79.7034148
1325,128,CAJATAMBO ,3,-10.5458574,-77.0013733
1326,128,COPA ,3,-10.3863994,-77.0792248
1327,128,GORGOR ,3,-10.6207137,-77.0412384
1328,128,HUANCAPÓN ,3,-10.5494434,-77.1120091
1329,128,MANAS ,3,-10.5953572,-77.1670582
1330,129,ANDAJES ,3,-10.7925972,-76.9089114
1331,129,CAUJUL ,3,-10.805688,-76.9788841
1332,129,COCHAMARCA ,3,-10.8623528,-77.1288555
1333,129,NAVÁN ,3,-10.86212,-77.039789
1334,129,OYÓN ,3,-10.7295186,-76.85453
1335,129,PACHANGARA ,3,-10.7811586,-76.8144643
1336,130,ALIS ,3,-12.2809581,-75.786431
1337,130,ALLAUCA ,3,-12.5912073,-76.0371409
1338,130,AYAVIRI ,3,-12.3623269,-76.0612299
1339,130,AZÁNGARO ,3,-12.999961,-75.8369013
1340,130,CACRA ,3,-12.8127753,-75.7831157
1341,130,CARANIA ,3,-12.3446792,-75.8705546
1342,130,CATAHUASI ,3,-12.7996775,-75.8918762
1343,130,CHOCOS ,3,-12.927275,-75.9143335
1344,130,COCHAS ,3,-12.2944711,-76.1574486
1345,130,COLONIA ,3,-12.6335725,-75.8902882
1346,130,HONGOS ,3,-12.8104765,-75.7652182
1347,130,HUAMPARA ,3,-12.3602081,-76.1673655
1348,130,HUANCAYA ,3,-12.2033688,-75.7993144
1349,130,HUANGASCAR ,3,-12.8989937,-75.8314747
1350,130,HUANTAN ,3,-12.4562776,-75.8115551
1351,130,HUAÑEC ,3,-12.2678765,-76.0602812
1352,130,LARAOS ,3,-11.579893,-76.5344931
1353,130,LINCHA ,3,-12.7998307,-75.6672126
1354,130,MADEAN ,3,-12.9445701,-75.777266
1355,130,MIRAFLORES ,3,-12.1206214,-77.0294993
1356,130,QUINCHES ,3,-12.3074173,-76.1431739
1357,130,SAN JOAQUÍN ,3,-12.2841337,-76.1468707
1358,130,PUTINZA ,3,-12.66266,-75.911285
1359,130,SAN PEDRO DE PILAS ,3,-12.4544968,-76.2266092
1360,130,TANTA ,3,-12.122403,-76.0135887
1361,130,TOMÁS ,3,-12.2383101,-75.7460249
1362,130,TUPE ,3,-12.7413521,-75.8094333
1363,130,VIÑAC ,3,-12.8950124,-75.7568071
1364,130,VITIS ,3,-12.2239366,-75.8079029
1365,130,YAUYOS ,3,-12.5453873,-75.8599243
1366,130,OMAS ,4,-12.5147208,-76.2892182
1367,130,QUINOCAY ,4,-12.3407057,-76.2801757
1368,130,TAURIPAMPA ,4,-12.6171667,-76.162082
1369,131,CALLAHUANCA ,3,-11.8147559,-76.5807659
1370,131,CARAMPOMA ,3,-11.62765,-76.3743978
1371,131,CHICLA ,3,-11.7050118,-76.2686321
1372,131,HUACHUPAMPA ,3,-11.6882621,-76.610784
1373,131,HUANZA ,3,-11.6560309,-76.5033777
1374,131,HUAROCHIRÍ ,3,-11.916667,-76.416667
1375,131,LAHUAYTAMBO ,3,-12.0974215,-76.399537
1376,131,LANGA ,3,-12.1256616,-76.4212701
1377,131,SAN PEDRO DE LARAOS ,3,-11.6645634,-76.5400231
1378,131,MATUCANA ,3,-11.8447264,-76.3860598
1379,131,SAN  ANDRÉS  DE ,3,-12.0008121,-76.4741389
1380,131,TUPICOCHA ,3,-11.9990962,-76.4732397
1381,131,SAN BARTOLOMÉ ,3,-11.9118044,-76.5292459
1382,131,SAN DAMIAN ,3,-11.9604895,-76.3288645
1383,131,SURCO ,3,-11.8678175,-76.4576592
1384,131,SAN JUAN DE IRIS ,3,-11.6831239,-76.5248883
1385,131,SAN  JUAN  DE ,3,-12.193926,-76.971385
1386,131,TANTARANCHE ,3,-12.113502,-76.1825917
1387,131,SAN  LORENZO  DE ,3,-11.0997862,-77.5747529
1388,131,QUINTI ,3,-12.1456425,-76.2125565
1389,131,SAN MATEO ,3,-11.8020525,-76.2392624
1390,131,SAN MATEO DE OTAO ,3,-11.8364257,-76.5222404
1391,131,SAN PEDRO DE CASTA ,3,-11.7591182,-76.5964655
1392,131,SAN  PEDRO DE HUANCAYRE ,3,-12.1304295,-76.2164694
1393,131,SANGALLAYA ,3,-12.1609655,-76.2290673
1394,131,SANTA  CRUZ DE COCACHACRA ,3,-11.91119,-76.5408987
1395,131,SANTIAGO ANCHUCAYA DE SANTIAGO DE TUNA ,3,0.0,0.0
1396,131,ANTIOQUÍA ,4,-12.0575632,-76.5611215
1397,131,CUENCA ,4,-12.1456125,-76.4481711
1398,131,MARIATANA ,4,-12.2664462,-76.3681952
1399,131,RICARDO PALMA ,4,-11.9237472,-76.6649395
1400,131,SAN ANTONIO ,4,-11.8064482,-76.7874076
1401,131,SANTA EULALIA ,4,-11.9012394,-76.6640996
1402,131,SANTO  DOMINGO  DE LOS OLLEROS ,4,-12.218764,-76.5143289
1403,132,CANTA ,3,-11.565374,-76.695755
1404,132,HUAROS ,3,-11.406225,-76.5757127
1405,132,LACHAQUI ,3,-11.5528976,-76.6269199
1406,132,SAN BUENAVENTURA ,3,-11.4892571,-76.6619965
1407,132,ARAHUAY ,4,-11.6213221,-76.6703384
1408,132,HUAMANTANGA ,4,-11.4989219,-76.7490755
1409,132,SANTA ROSA DE QUIVES ,4,-11.6677416,-76.7876655
1410,133,ATAVILLOS ALTO ,3,-11.2781472,-76.616084
1411,133,ATAVILLOS BAJO ,3,-11.347645,-76.7554965
1412,133,IHUARI ,3,-11.2130204,-76.9759143
1413,133,LAMPIÁN ,3,-11.2373725,-76.8394809
1414,133,PACARAOS ,3,-11.1855537,-76.647254
1415,133,SAN MIGUEL DE ACOS ,3,-11.2739794,-76.8209702
1416,133,SANTA  CRUZ  DE ,3,-10.936655,-77.6391868
1417,133,ANDAMARCA ,3,-11.9810458,-77.0523124
1418,133,SUMBILCA ,3,-11.4069011,-76.8194788
1419,133,VEINTISIETE  DE ,3,0.0,0.0
1420,133,NOVIEMBRE ,3,-11.1547744,-76.7740047
1421,133,AUCALLAMA ,4,-11.5619799,-77.1729541
1422,133,CHANCAY ,4,-11.5627697,-77.2699958
1423,133,HUARAL ,4,-11.25,-76.916667
1424,134,CHECRAS ,3,-10.932856,-76.8325384
1425,134,LEONCIO PRADO ,3,-11.0577733,-76.9183837
1426,134,PACCHO ,3,-10.957453,-76.93297
1427,134,SANTA LEONOR ,3,-10.9554541,-76.6732653
1428,134,AMBAR ,4,-10.7563177,-77.2719717
1429,134,CALETA DE CARQUÍN ,4,-11.0918364,-77.6283049
1430,134,HUACHO ,4,-11.108524,-77.6103295
1431,134,HUALMAY ,4,-11.0967129,-77.6129018
1432,134,HUAURA ,4,-11.0512402,-77.3218207
1433,134,SANTA MARÍA ,4,-11.1175856,-77.4195116
1434,134,SAYÁN ,4,-11.1334544,-77.1933953
1435,134,VEGUETA ,4,-11.0233134,-77.644252
1436,135,ZUÑIGA ,3,-12.8393807,-76.0201251
1437,135,ASIA ,4,-12.8033662,-76.4899568
1438,135,CALANGO ,4,-12.5263389,-76.543787
1439,135,CERRO AZUL ,4,-13.0248827,-76.479254
1440,135,CHILCA ,4,-12.5185727,-76.7381488
1441,135,COAYLLO ,4,-12.6523026,-76.4243572
1442,135,IMPERIAL ,4,-13.0610167,-76.3529217
1443,135,LUNAHUANA ,4,-12.9624782,-76.1408756
1444,135,MALA ,4,-12.6577442,-76.6322701
1445,135,NUEVO IMPERIAL ,4,-13.0762769,-76.3177028
1446,135,PACARÁN ,4,-12.8661506,-76.0545357
1447,135,QUILMANA ,4,-12.9495283,-76.3833329
1448,135,SAN ANTONIO ,4,-11.8064482,-76.7874076
1449,135,SAN LUIS ,4,-12.0736464,-76.9941006
1450,135,SAN  VICENTE DE CAÑETE ,4,-13.077767,-76.3874465
1451,135,SANTA CRUZ DE FLORES ,4,-12.619522,-76.6415226
1452,136,BARRANCA ,4,-10.7065265,-77.6747882
1453,136,PARAMONGA ,4,-10.6751894,-77.8185202
1454,136,PATIVILCA ,4,-10.6964328,-77.7797843
1455,136,SUPE ,4,-10.7957342,-77.7165813
1456,136,SUPE PUERTO ,4,-10.8045744,-77.7429158
1457,137,ANCÓN ,4,-11.7738789,-77.1753353
1458,137,ATE ,4,-12.0387281,-76.896873
1459,137,BARRANCO ,4,-12.1309209,-77.0182097
1460,137,BREÑA ,4,-12.0588096,-77.0458829
1461,137,CARABAYLLO ,4,-11.9007232,-77.0330337
1462,137,CHACLACAYO ,4,-11.9757399,-76.7698706
1463,137,CHORRILLOS ,4,-12.1709478,-77.02126
1464,137,CIENEGUILLA ,4,-12.0731669,-76.777071
1465,137,COMAS ,4,-11.9573015,-77.049757
1466,137,EL AGUSTINO ,4,-12.0499251,-76.9987104
1467,137,INDEPENDENCIA ,4,-11.9919461,-77.0503721
1468,137,JESÚS MARÍA ,4,-12.0751522,-77.043904
1469,137,LA MOLINA ,4,-12.077983,-76.9172838
1470,137,LA VICTORIA ,4,-12.0641355,-77.0295563
1471,137,LIMA ,4,-12.1078511,-77.0282789
1472,137,LINCE ,4,-12.0825223,-77.0310016
1473,137,LOS OLIVOS ,4,-11.9916722,-77.0709115
1474,137,LURIGANCHO ,4,-11.948832,-76.7627012
1475,137,LURÍN ,4,-12.2733688,-76.8688896
1476,137,MAGDALENA DEL MAR ,4,-12.0957149,-77.0682243
1477,137,MIRAFLORES ,4,-12.1078511,-77.0282789
1478,137,PACHACÁMAC ,4,-12.2299109,-76.8593914
1479,137,PUCUSANA ,4,-12.4684687,-76.7724919
1480,137,PUEBLO LIBRE ,4,-12.0778372,-77.062246
1481,137,PUENTE PIEDRA ,4,-11.8667978,-77.0778382
1482,137,PUNTA HERMOSA ,4,-12.2616498,-76.7209567
1483,137,PUNTA NEGRA ,4,-12.2976816,-76.7085823
1484,137,RÍMAC ,4,-12.0266773,-77.0340939
1485,137,SAN BARTOLO ,4,-12.3676926,-76.7188027
1486,137,SAN BORJA ,4,-12.0964515,-76.9956899
1487,137,SAN ISIDRO ,4,-12.0996795,-77.0312899
1488,137,SAN  JUAN DE LURIGANCHO ,4,-12.0017252,-77.0084106
1489,137,SAN  JUAN DE MIRAFLORES ,4,-12.1628581,-76.9635192
1490,137,SAN LUIS ,4,-12.0736464,-76.9941006
1491,137,SAN  MARTIN DE PORRES ,4,-11.9814786,-77.0963114
1492,137,SAN MIGUEL ,4,-12.0727512,-77.095353
1493,137,SANTA ANITA ,4,-12.0494148,-76.9645757
1494,137,SANTA MARÍA DEL MAR ,4,-12.4081231,-76.7663191
1495,137,SANTA ROSA ,4,-11.796724,-77.1728383
1496,137,SANTIAGO DE SURCO ,4,-12.1292257,-77.0017717
1497,137,SURQUILLO ,4,-12.1040602,-77.0174424
1498,137,VILLA EL SALVADOR ,4,-12.2135031,-76.9370262
1499,137,VILLA  MARÍA  DEL TRIUNFO ,4,-12.1766438,-76.9189677
1500,138,RAMÓN CASTILLA ,1,-3.6673043,-70.9051289
1501,138,PEBAS ,1,-3.3206285,-71.8617562
1502,138,SAN PABLO ,1,-3.7162678,-71.3968802
1503,138,YAVARI ,1,-4.5837236,-72.4931689
1504,139,ALTO NANAY ,1,-3.2681319,-74.3097829
1505,139,BELÉN ,1,-3.849332,-73.2524399
1506,139,FERNANDO LORES ,1,-4.2585911,-73.0632445
1507,139,INDIANA ,1,-3.4996924,-73.041948
1508,139,IQUITOS ,1,-3.749365,-73.2444145
1509,139,LAS AMAZONAS ,1,-3.6036304,-72.4786307
1510,139,MAZAN ,1,-3.4976682,-73.0894632
1511,139,NAPO ,1,-2.0495547,-74.5349201
1512,139,PUNCHANA ,1,-3.5107986,-73.4877773
1513,139,SAN JUAN BAUTISTA ,1,-4.0779873,-73.5219454
1514,139,TORRES CAUSANA ,1,-1.1016433,-75.0058097
1515,140,SAQUENA ,1,-4.7735601,-73.387296
1516,140,REQUENA ,2,-6.0,-74.166667
1517,140,CAPELO ,2,-5.3786707,-74.1666836
1518,140,SOPLIN ,2,-6.2670638,-73.6559796
1519,140,TAPICHE ,2,-6.0299214,-73.9443246
1520,140,JENARO HERRERA ,2,-4.9055783,-73.6686202
1521,140,YAQUERANA ,2,-6.0419797,-73.411479
1522,140,ALTO TAPICHE ,2,-6.7402458,-74.2664583
1523,140,EMILIO SAN MARTÍN ,2,-6.2736324,-74.5306917
1524,140,MAQUIA ,2,-6.4287985,-74.7975616
1525,140,PUINAHUA ,2,-5.6023188,-74.9306871
1526,141,NAUTA ,2,-4.5070455,-73.5740018
1527,141,PARINARI ,2,-4.6305467,-74.4597653
1528,141,TIGRE ,2,-3.0555554,-75.2118391
1529,141,TROMPETEROS ,2,-3.0999989,-75.8735112
1530,141,URARINAS ,2,-4.2547901,-75.4420923
1531,142,LAGUNAS ,2,-5.2269531,-75.6796596
1532,142,YURIMAGUAS ,3,-5.8951672,-76.1046533
1533,142,BALSAPUERTO ,3,-5.831621,-76.5598614
1534,142,JEBEROS ,3,-5.2909218,-76.2837612
1535,142,SANTA CRUZ ,3,-5.5133345,-75.8586131
1536,142,TENIENTE CÉSAR LÓPEZ ROJAS ,3,-5.94343,-75.786298
1537,143,TENIENTE  MANUEL ,1,-0.1528579,-75.2860421
1538,143,CLAVERO ,1,-3.7316029,-73.2568638
1539,143,ROSA PANDURO ,1,-1.6095645,-73.7127933
1540,143,PUTUMAYO ,1,-2.6083488,-72.8833035
1541,143,YAGUAS ,1,-2.9150981,-71.189887
1542,144,CONTAMANA ,2,-7.3504619,-75.0090611
1543,144,INAHUAYA ,2,-7.1174827,-75.2645205
1544,144,PADRE MÁRQUEZ ,2,-7.8670293,-74.8994093
1545,144,PAMPA HERMOSA ,2,-7.3136461,-76.1579562
1546,144,SARAYACU ,2,-6.3969342,-75.2180436
1547,144,VARGAS GUERRA ,2,-6.91237,-75.156665
1548,145,MANSERICHE ,2,-4.6731848,-77.4906617
1549,145,MORONA ,2,-3.8124232,-77.3569829
1550,145,PASTAZA ,2,-4.0593301,-76.9192778
1551,145,ANDOAS ,2,-3.3754615,-76.6396161
1552,145,BARRANCA ,3,-4.8261658,-76.6889606
1553,145,CAHUAPANAS ,3,-5.297035,-76.9390014
1554,146,INAMBARI ,1,-12.9734018,-69.9280397
1555,146,LABERINTO ,1,-12.3958812,-70.1366235
1556,146,LAS PIEDRAS ,1,-12.2789796,-69.1508022
1557,146,TAMBOPATA ,1,-12.2436946,-69.6703444
1558,147,IBERIA ,1,-11.4070896,-69.4892093
1559,147,IÑAPARI ,1,-10.9470805,-69.5761211
1560,147,TAHUAMANU ,1,-11.2099268,-70.4766541
1561,148,FITZCARRALD ,2,-12.0164673,-70.9139793
1562,148,HUEPETUHE ,2,-12.9944387,-70.5269739
1563,148,MADRE DE DIOS ,2,-12.6672461,-70.6339897
1564,148,MANU ,2,-12.4270873,-71.1702881
1565,149,CHOJATA ,3,-16.3884944,-70.7302805
1566,149,COALAQUE ,3,-16.6489508,-71.0208944
1567,149,ICHUÑA ,3,-16.1409914,-70.5376837
1568,149,LLOQUE ,3,-16.3239594,-70.7386413
1569,149,MATALAQUE ,3,-16.4819546,-70.8261709
1570,149,OMATE ,3,-16.6739158,-70.9701077
1571,149,PUQUINA ,3,-16.6255275,-71.1844079
1572,149,QUINISTAQUILLAS ,3,-16.7492997,-70.8804462
1573,149,UBINAS ,3,-16.3867174,-70.8558927
1574,149,YUNGA ,3,-16.1951918,-70.6781032
1575,149,LA CAPILLA ,4,-16.7569598,-71.1793779
1576,150,CARUMAS ,3,-16.8092911,-70.6948053
1577,150,CUCHUMBAYA ,3,-16.7509756,-70.6861433
1578,150,SAMEGUA ,3,-17.181909,-70.8999491
1579,150,SAN CRISTÓBAL ,3,-16.6697938,-70.6662215
1580,150,TORATA ,3,-17.0765697,-70.8443485
1581,150,MOQUEGUA ,4,-17.1938025,-70.9345636
1582,150,SAN ANTONIO ,4,-17.2081143,-70.9501525
1583,151,EL ALGARROBAL ,4,-17.6229429,-71.2683787
1584,151,PACOCHA ,4,-17.4371991,-71.3472543
1585,151,ILO ,4,-17.5833671,-71.2358866
1586,152,OXAPAMPA ,2,-10.333333,-75.083333
1587,152,CHONTABAMBA ,2,-10.602744,-75.4391507
1588,152,HUANCABAMBA ,2,-10.4263436,-75.5245042
1589,152,PALCAZU ,2,-10.2268546,-75.2824361
1590,152,POZUZO ,2,-10.0689006,-75.5507493
1591,152,PUERTO BERMÚDEZ ,2,-10.2956757,-74.9369004
1592,152,VILLA RICA ,2,-10.7351432,-75.2676019
1593,152,CONSTITUCIÓN ,2,-9.7723755,-74.6466239
1594,153,HUACHÓN ,2,-10.6364436,-75.9508096
1595,153,HUARIACA ,2,-10.4420288,-76.1894722
1596,153,NINACACA ,2,-10.855562,-76.112699
1597,153,PALLANCHACRA ,2,-10.4151535,-76.2352369
1598,153,PAUCARTAMBO ,2,-10.7746094,-75.8134578
1599,153,SAN  FRANCISCO  DE ,2,-10.0951172,-75.2961745
1600,153,ASÍS DE YARUSYACÁN ,2,-10.5487072,-76.2330092
1601,153,TICLACAYAN ,2,-10.6065401,-76.083933
1602,153,YANACANCHA ,2,-10.6702605,-76.2544781
1603,153,CHAUPIMARCA ,3,-10.6978799,-76.2495433
1604,153,HUAYLLAY ,3,-11.0022598,-76.3647877
1605,153,SIMÓN BOLÍVAR ,3,-10.7195033,-76.3777409
1606,153,TINYAHUARCO ,3,-10.7615443,-76.2460889
1607,153,VICCO ,3,-10.8411114,-76.2360066
1608,154,YANAHUANCA ,3,-10.4913156,-76.5166359
1609,154,CHACAYAN ,3,-10.4342238,-76.4374809
1610,154,GOYLLARISQUIZGA ,3,-10.473174,-76.4091933
1611,154,PAUCAR ,3,-10.371027,-76.4431715
1612,154,SAN PEDRO DE PILLAO ,3,-10.4389027,-76.4948711
1613,154,SANTA ANA DE TUSI ,3,-10.472166,-76.3538212
1614,154,TAPUC ,3,-10.41885,-76.4641245
1615,154,VILCABAMBA ,3,-10.4791215,-76.4472565
1616,155,CANCHAQUE ,3,-5.3763541,-79.6062858
1617,155,EL  CARMEN  DE LA FRONTERA ,3,-5.0077344,-79.3601521
1618,155,HUANCABAMBA ,3,-5.4220777,-79.517415
1619,155,HUARMACA ,3,-5.5677869,-79.523988
1620,155,LALAQUIZ ,3,-5.1778447,-79.6655743
1621,155,SAN  MIGUEL DE EL FAIQUE ,3,-5.4018601,-79.6062085
1622,155,SONDOR ,3,-5.3943603,-79.3594952
1623,155,SONDORILLO ,3,-5.3391518,-79.4289116
1624,156,AYABACA ,3,-4.6853927,-79.6452624
1625,156,JILILI ,3,-4.5301231,-79.8341286
1626,156,LAGUNAS ,3,-4.7897345,-79.8451114
1627,156,MONTERO ,3,-4.6321507,-79.8289442
1628,156,PACAIPAMPA ,3,-4.9955057,-79.6679997
1629,156,SICCHEZ ,3,-4.5694092,-79.7777647
1630,156,FRÍAS ,4,-4.9066289,-79.9657971
1631,156,PAIMAS ,4,-4.6269859,-79.9453372
1632,156,SAPILLICA ,4,-4.7792771,-79.982323
1633,156,SUYO ,4,-4.5125226,-80.0025827
1634,157,BUENOS AIRES ,3,-5.2670919,-79.9675926
1635,157,CHALACO ,3,-5.0409758,-79.7958985
1636,157,SALITRAL ,3,-5.3421136,-79.8325696
1637,157,SAN JUAN DE BIGOTE ,3,-5.2950235,-79.7442505
1638,157,SANTA  CATALINA MOSSA DE YAMANGO ,3,0.0,0.0
1639,157,CHULUCANAS ,4,-5.0965065,-80.1609229
1640,157,LA MATANZA ,4,-5.2106747,-80.0883637
1641,157,MORROPÓN ,4,-5.25,-80.0
1642,157,SANTO DOMINGO ,4,-5.0291788,-79.8760334
1643,158,CASTILLA ,4,-5.1960062,-80.6208226
1644,158,CATACAOS ,4,-5.2654817,-80.6760774
1645,158,CURA MORI ,4,-5.3641357,-80.6021647
1646,158,EL TALLÁN ,4,-5.4413612,-80.6039452
1647,158,LA ARENA ,4,-5.3466201,-80.710859
1648,158,LA UNIÓN ,4,-5.4043679,-80.7439051
1649,158,LAS LOMAS ,4,-4.6578078,-80.2433237
1650,158,PIURA ,4,-4.1067273,-81.0520659
1651,158,TAMBO GRANDE ,4,-4.9150244,-80.3561593
1652,158,VEINTISÉIS DE OCTUBRE ,4,-5.1773148,-80.6643517
1653,159,AMOTAPE ,4,-4.8815418,-81.0150443
1654,159,ARENAL ,4,-4.8997998,-81.0320779
1655,159,COLAN ,4,-5.0063013,-81.0588796
1656,159,LA HUACA ,4,-4.910049,-80.9617019
1657,159,PAITA ,4,-5.0099903,-80.9733735
1658,159,TAMARINDO ,4,-4.878111,-80.9758162
1659,159,VICHAYAL ,4,-4.84546,-81.104945
1660,160,BELLAVISTA  DE UNIÓN LA BERNAL ,4,0.0,0.0
1661,160,CRISTO NOS VALGA ,4,-5.5406318,-80.6494892
1662,160,RINCONADA LLICUAR ,4,-5.4812489,-80.7761797
1663,160,SECHURA ,4,-5.8635862,-80.6439719
1664,160,VICE ,4,-5.4216102,-80.7742613
1665,161,BELLAVISTA ,4,-4.8895143,-80.6758366
1666,161,IGNACIO ESCUDERO ,4,-4.8463746,-80.872809
1667,161,LANCONES ,4,-4.4252883,-80.5916729
1668,161,MARCAVELICA ,4,-4.8816137,-80.7033707
1669,161,MIGUEL CHECA ,4,-5.0806533,-80.7869072
1670,161,QUERECOTILLO ,4,-4.8399696,-80.6490343
1671,161,SALITRAL ,4,-5.3421136,-79.8325696
1672,161,SULLANA ,4,-4.8463746,-80.872809
1673,162,EL ALTO ,4,-4.2679,-81.2191059
1674,162,LA BREA ,4,-4.7068224,-81.0856268
1675,162,LOBITOS ,4,-4.452793,-81.2777126
1676,162,LOS ÓRGANOS ,4,-4.179643,-81.1286825
1677,162,MÁNCORA ,4,-4.1067273,-81.0520659
1678,162,PARIÑAS ,4,-4.488083,-81.0619503
1679,163,ALTO INAMBARI ,1,-14.0401468,-69.2981121
1680,163,SAN JUAN DEL ORO ,1,-14.220967,-69.1537388
1681,163,YANAHUAYA ,1,-14.2584613,-69.1695213
1682,163,CUYOCUYO ,2,-14.4700389,-69.5369258
1683,163,LIMBANI ,2,-14.1483978,-69.69075
1684,163,PATAMBUCO ,2,-14.3597256,-69.6197547
1685,163,PHARA ,2,-14.1522467,-69.6652072
1686,163,QUIACA ,2,-14.4222714,-69.3450165
1687,163,SAN PEDRO DE PUTINA PUNCO ,2,-14.1119359,-69.0477528
1688,163,SANDIA ,2,-13.833333,-69.333333
1689,164,ANANEA ,2,-14.6784404,-69.5352298
1690,164,QUILCAPUNCU ,2,-14.8929648,-69.7302897
1691,164,SINA ,2,-14.4965792,-69.2798767
1692,164,PEDRO VILCA APAZA ,2,-15.0180244,-69.9040458
1693,164,PUTINA ,2,-14.9141,-69.8684837
1694,165,AYAPATA ,2,-13.7769833,-70.3227082
1695,165,COASA ,2,-13.9864181,-70.0171656
1696,165,CRUCERO ,2,-14.3611964,-70.0234904
1697,165,ITUATA ,2,-13.7911429,-70.2506257
1698,165,SAN GABÁN ,2,-13.5396038,-70.4087141
1699,165,USICAYOS ,2,-14.1249494,-69.9672237
1700,165,AJOYANI ,2,-14.2300749,-70.2235728
1701,165,CORANI ,2,-13.8684934,-70.6046593
1702,165,MACUSANI ,2,-14.0684826,-70.4313639
1703,165,OLLACHEA ,2,-13.7940318,-70.4721998
1704,166,COJATA ,2,-15.0151528,-69.3652199
1705,166,HUANCANÉ ,2,-15.0937543,-69.5709734
1706,166,HUATASANI ,2,-15.0596198,-69.8014014
1707,166,INCHUPALLA ,2,-15.0094132,-69.6825135
1708,166,PUSI ,2,-15.4418571,-69.9293619
1709,166,ROSASPATA ,2,-15.2344658,-69.527323
1710,166,TARACO ,2,-15.2978079,-69.9783213
1711,166,VILQUE CHICO ,2,-15.157057,-69.6190604
1712,167,HUAYRAPATA ,2,-15.3214488,-69.341349
1713,167,MOHO ,2,-15.3549442,-69.4058564
1714,167,CONIMA ,2,-15.4576993,-69.4380307
1715,167,TILALI ,2,-15.5146906,-69.3481332
1716,168,COATA ,2,-15.5706136,-69.9492216
1717,168,CAPACHICA ,2,-15.6420185,-69.8307928
1718,168,AMANTANI ,2,-15.6650012,-69.7106611
1719,168,ACORA ,3,-15.9735935,-69.7975749
1720,168,ATUNCOLLA ,3,-15.6884255,-70.1432128
1721,168,CHUCUITO ,3,-16.6336027,-69.3018083
1722,168,HUATA ,3,-15.615277,-69.9715376
1723,168,MAÑAZO ,3,-15.8011797,-70.3434523
1724,168,PAUCARCOLLA ,3,-15.7472675,-70.0555322
1725,168,PICHACANI ,3,-16.1076198,-70.131438
1726,168,PLATERÍA ,3,-15.9479698,-69.8328681
1727,168,PUNO ,3,-15.7472675,-70.0555322
1728,168,SAN ANTONIO ,3,-16.0936915,-70.3224035
1729,168,TIQUILLACA ,3,-15.7973641,-70.1868662
1730,168,VILQUE ,3,-15.765821,-70.2586427
1731,169,AZÁNGARO ,2,-14.8001586,-70.1517473
1732,169,ACHAYA ,2,-15.2852382,-70.1614836
1733,169,ARAPA ,2,-15.1391169,-70.1095722
1734,169,ASILLO ,2,-14.7865915,-70.3540033
1735,169,CAMINACA ,2,-15.3241247,-70.0728942
1736,169,CHUPA ,2,-15.1059765,-69.9865962
1737,169,JOSÉ  DOMINGO ,2,-15.0353988,-70.3312734
1738,169,CHOQUEHUANCA ,2,-14.878153,-70.5939452
1739,169,MUÑANI ,2,-14.7707724,-69.9557279
1740,169,POTONI ,2,-14.3899129,-70.104701
1741,169,SAMAN ,2,-15.2915175,-70.0171834
1742,169,SAN ANTÓN ,2,-14.5838277,-70.3172907
1743,169,SAN JOSÉ ,2,-14.6701654,-70.1621099
1744,169,SAN JUAN DE SALINAS ,2,-14.9911593,-70.105616
1745,169,SANTIAGO DE PUPUJA ,2,-15.0530437,-70.2778239
1746,169,TIRAPATA ,2,-14.9548166,-70.403177
1747,170,DESAGUADERO ,3,-16.564809,-69.0401545
1748,170,HUACULLANI ,3,-16.6302449,-69.3222231
1749,170,JULI ,3,-16.2132873,-69.4591568
1750,170,KELLUYO ,3,-16.7270638,-69.2499805
1751,170,PISACOMA ,3,-16.9081006,-69.3713066
1752,170,POMATA ,3,-16.2731488,-69.2921984
1753,170,ZEPITA ,3,-16.4971752,-69.1032019
1754,171,CAPAZO ,3,-17.0969908,-69.7142058
1755,171,CONDURIRI ,3,-16.6206097,-69.7082412
1756,171,ILAVE ,3,-16.086789,-69.6385874
1757,171,PILCUYO ,3,-16.1104755,-69.5542716
1758,171,SANTA ROSA ,3,-16.7616495,-69.8556014
1759,172,CALAPUJA ,2,-15.3101475,-70.2217662
1760,172,NICASIO ,2,-15.2355119,-70.260922
1761,172,PUCARÁ ,2,-15.04199,-70.3680656
1762,172,CABANILLA ,3,-15.6203163,-70.345873
1763,172,LAMPA ,3,-15.416667,-70.583333
1764,172,OCUVIRI ,3,-15.1137211,-70.9090834
1765,172,PALCA ,3,-15.2363854,-70.5974936
1766,172,PARATIA ,3,-15.453907,-70.5993792
1767,172,SANTA LUCÍA ,3,-15.6987668,-70.6065559
1768,172,VILAVILA ,3,-15.1882324,-70.6597158
1769,173,ANTAUTA ,2,-14.2997287,-70.2919047
1770,173,AYAVIRI ,2,-14.8818397,-70.5900142
1771,173,CUPI ,2,-14.904858,-70.8662301
1772,173,LLALLI ,2,-14.9469209,-70.8799195
1773,173,MACARI ,2,-14.7708759,-70.9025677
1774,173,NUÑOA ,2,-14.4765078,-70.6360628
1775,173,ORURILLO ,2,-14.7274934,-70.5117338
1776,173,SANTA ROSA ,2,-16.7616495,-69.8556014
1777,173,UMACHIRI ,2,-14.853653,-70.7535804
1778,174,JULIACA ,3,-15.4932314,-70.1356177
1779,174,CABANA ,3,-15.6495195,-70.3219267
1780,174,CABANILLAS ,3,-15.8266778,-70.6433537
1781,174,CARACOTO ,3,-15.5678983,-70.1024942
1782,174,SAN MIGUEL ,3,-15.4095572,-70.1331545
1783,175,YUNGUYO ,3,-16.2959126,-69.095994
1784,175,ANAPIA ,3,-16.3137957,-68.8528908
1785,175,COPANI ,3,-16.399711,-69.0404249
1786,175,CUTURAPI ,3,-16.2700082,-69.177447
1787,175,OLLARAYA ,3,-16.2338801,-68.9944048
1788,175,TINICACHI ,3,-16.19818,-68.9617966
1789,175,UNICACHI ,3,-16.2239052,-68.9811036
1790,176,BELLAVISTA ,2,-7.6842476,-76.3153378
1791,176,ALTO BIAVO ,2,-7.7884679,-76.3385586
1792,176,BAJO BIAVO ,2,-7.2175081,-76.2597931
1793,176,HUALLAGA ,2,-6.735314,-76.8997498
1794,176,SAN PABLO ,2,-6.8094008,-76.5748696
1795,176,SAN RAFAEL ,2,-7.0236238,-76.4644594
1796,177,SAPOSOA ,2,-6.9318423,-76.7724793
1797,177,EL ESLABÓN ,2,-7.0216064,-76.7227811
1798,177,PISCOYACU ,2,-6.9801213,-76.767558
1799,177,SACANCHE ,2,-7.1029798,-76.7818166
1800,177,TINGO DE SAPOSOA ,2,-7.068307,-76.6491236
1801,177,ALTO SAPOSOA ,2,-6.5916908,-76.9370633
1802,178,LAMAS ,3,-6.2655949,-76.5073652
1803,178,ALONSO DE ALVARADO ,3,-6.29343,-76.782173
1804,178,BARRANQUITA ,3,-6.2518935,-76.0331047
1805,178,CAYNARACHI ,3,-6.1916889,-76.3173428
1806,178,CUÑUMBUQUI ,3,-6.5884417,-76.4338015
1807,178,PINTO RECODO ,3,-6.3793836,-76.6043562
1808,178,RUMISAPA ,3,-6.4476695,-76.4725566
1809,178,SAN  ROQUE DE CUMBAZA ,3,-6.3859594,-76.4386109
1810,178,SHANAO ,3,-6.4113804,-76.5939304
1811,178,TABALOSOS ,3,-6.390606,-76.6330602
1812,178,ZAPATERO ,3,-6.5299906,-76.4942679
1813,179,JUANJUÍ ,2,-7.1793768,-76.7280743
1814,179,CAMPANILLA ,2,-7.4826362,-76.6498915
1815,179,HUICUNGO ,2,-7.3170088,-76.7761946
1816,179,PACHIZA ,2,-7.2967364,-76.7731047
1817,179,PAJARILLO ,2,-7.1762032,-76.6888585
1818,180,PICOTA ,2,-6.8832963,-76.2469149
1819,180,BUENOS AIRES ,2,-6.7911007,-76.3270921
1820,180,CASPISAPA ,2,-6.9169052,-76.4216782
1821,180,PILLUANA ,2,-6.7768059,-76.2919754
1822,180,PUCACACA ,2,-6.8500511,-76.3430875
1823,180,SAN CRISTÓBAL ,2,-6.9751119,-76.436615
1824,180,SAN HILARIÓN ,2,-6.93478,-76.5106349
1825,180,SHAMBOYACU ,2,-7.0238211,-76.1330208
1826,180,TINGO DE PONASA ,2,-6.9357566,-76.2539578
1827,180,TRES UNIDOS ,2,-6.8061644,-76.2326637
1828,181,MOYOBAMBA ,3,-6.2553514,-77.0528333
1829,181,CALZADA ,3,-6.0295376,-77.066694
1830,181,HABANA ,3,-6.0817056,-77.0895207
1831,181,JEPELACIO ,3,-6.108003,-76.9150054
1832,181,SORITOR ,3,-6.2553514,-77.0528333
1833,181,YANTALO ,3,-5.9753278,-77.019882
1834,182,RIOJA ,3,-5.8797993,-77.4276533
1835,182,AWAJUN ,3,-5.8696697,-77.4574933
1836,182,ELIAS SOPLÍN VARGAS ,3,-6.042815,-77.3011144
1837,182,NUEVA CAJAMARCA ,3,-5.9407861,-77.3092386
1838,182,PARDO MIGUEL ,3,-5.7219212,-77.6170864
1839,182,POSIC ,3,-6.013986,-77.1618238
1840,182,SAN FERNANDO ,3,-5.9029585,-77.2706361
1841,182,YORONGOS ,3,-6.13897,-77.1441707
1842,182,YURACYACU ,3,-5.9306085,-77.2262651
1843,183,CHIPURANA ,2,-6.4494511,-75.5991695
1844,183,EL PORVENIR ,2,-6.2582956,-75.8831265
1845,183,HUIMBAYOC ,2,-6.4179853,-75.7681936
1846,183,PAPAPLAYA ,2,-6.2093223,-75.7815886
1847,183,TARAPOTO ,3,-6.4877198,-76.3598708
1848,183,ALBERTO LEVEAU ,3,-6.6915233,-76.2563651
1849,183,CACATACHI ,3,-6.4635052,-76.4500777
1850,183,CHAZUTA ,3,-6.5719404,-76.1342717
1851,183,JUAN GUERRA ,3,-6.5832708,-76.3299295
1852,183,LA BANDA DE SHILCAYO ,3,-6.46767,-76.2716973
1853,183,MORALES ,3,-6.4993514,-76.4204988
1854,183,SAN ANTONIO ,3,-6.3966231,-76.388894
1855,183,SAUCE ,3,-6.6903361,-76.2172506
1856,183,SHAPAJA ,3,-6.579997,-76.2621546
1857,184,TOCACHE ,2,-8.2211777,-76.7026341
1858,184,NUEVO PROGRESO ,2,-8.4510319,-76.3259883
1859,184,PÓLVORA ,2,-7.9827602,-76.8468839
1860,184,SHUNTE ,2,-8.4133053,-76.8880286
1861,184,UCHIZA ,2,-8.4590114,-76.4618414
1862,184,SANTA LUCIA ,2,-8.3469093,-76.3909468
1863,185,SAN JOSÉ DE SISA ,3,-6.6137307,-76.6949339
1864,185,AGUA BLANCA ,3,-6.7249951,-76.6954671
1865,185,SAN MARTÍN ,3,-6.6297148,-75.8370772
1866,185,SANTA ROSA ,3,-6.7463029,-76.6233355
1867,185,SHATOJA ,3,-6.5284471,-76.7198207
1868,186,HÉROES ALBARRACÍN ,3,-17.4881703,-70.2098819
1869,186,ESTIQUE ,3,-17.5418348,-70.0184899
1870,186,ESTIQUE-PAMPA ,3,-17.6466875,-70.1211853
1871,186,SITAJARA ,3,-17.3754321,-70.1339063
1872,186,SUSAPAYA ,3,-17.3532192,-70.1326958
1873,186,TARATA ,3,-17.3983215,-69.9913225
1874,186,TARUCACHI ,3,-17.5262592,-70.0289091
1875,186,TICACO ,3,-17.4444963,-70.0477238
1876,187,CAIRANI ,3,-17.2852454,-70.3638257
1877,187,CAMILACA ,3,-17.2684208,-70.380307
1878,187,CANDARAVE ,3,-17.1276751,-70.2685062
1879,187,CURIBAYA ,3,-17.3824315,-70.3353835
1880,187,HUANUARA ,3,-17.3136327,-70.3222106
1881,187,QUILAHUANI ,3,-17.3180124,-70.2584613
1882,188,ILABAYA ,4,-17.4207391,-70.5127463
1883,188,ITE ,4,-17.8613864,-70.9653363
1884,188,LOCUMBA ,4,-17.6138491,-70.7623551
1885,189,PALCA ,3,-17.7779521,-69.959659
1886,189,ALTO DE LA ALIANZA ,4,-17.8003418,-70.2711884
1887,189,CALANA ,4,-17.9388968,-70.1862051
1888,189,CIUDAD NUEVA ,4,-17.8513161,-70.1932649
1889,189,INCLÁN ,4,-17.6749065,-70.4086158
1890,189,PACHIA ,4,-17.8969358,-70.1547383
1891,189,POCOLLAY ,4,-18.0098398,-70.1038612
1892,189,SAMA ,4,-17.9896094,-70.7069585
1893,189,TACNA ,4,-18.01386,-70.2511032
1894,189,LA YARADA LOS PALOS ,4,-18.2115431,-70.450744
1895,189,CORONEL  GREGORIO ,4,-18.0448321,-70.2502549
1896,189,ALBARRACIN LANCHIPA ,4,-18.0448321,-70.2502549
1897,190,CASITAS ,4,-4.0907512,-80.6884808
1898,190,ZORRITOS ,4,-3.8020421,-80.7183598
1899,190,CANOAS DE PUNTA SAL ,4,-3.9852456,-80.9866062
1900,191,CORRALES ,4,-3.5982942,-80.5144147
1901,191,LA CRUZ ,4,-3.6382519,-80.6003197
1902,191,PAMPAS DE HOSPITAL ,4,-3.7165393,-80.4357409
1903,191,SAN JACINTO ,4,-3.8388292,-80.5194942
1904,191,SAN JUAN DE LA VIRGEN ,4,-3.6460046,-80.404156
1905,191,TUMBES ,4,-3.7165393,-80.4357409
1906,192,AGUAS VERDES ,4,-3.4818648,-80.2455802
1907,192,MATAPALO ,4,-3.7555317,-80.2522386
1908,192,PAPAYAL ,4,-3.5705937,-80.2962193
1909,192,ZARUMILLA ,4,-3.5033066,-80.2787191
1910,193,PURÚS ,1,-10.3282055,-71.375039
1911,194,RAIMONDI ,2,-10.7344446,-73.7583717
1912,194,SEPAHUA ,2,-11.1378792,-73.0452127
1913,194,TAHUANIA ,2,-10.0811824,-73.9861239
1914,194,YURUA ,2,-9.7228448,-72.4575533
1915,195,CURIMANÁ ,2,-8.4339919,-75.1532203
1916,195,IRAZOLA ,2,-8.923991,-75.2542005
1917,195,PADRE ABAD ,2,-8.8077049,-75.38619
1918,195,ALEXANDER VON  HUMBOLDT ,2,-8.8284441,-75.0505816
1919,195,NESHUYA ,2,-8.6216465,-75.05299
1920,195,HUIPOCA ,2,-8.9778326,-75.4474695
1921,195,BOQUERON ,2,-9.0595421,-75.6359099
1922,196,CALLERIA ,2,-7.8964619,-74.1845474
1923,196,CAMPOVERDE ,2,-8.5588272,-74.8123395
1924,196,IPARIA ,2,-9.3062896,-74.4356449
1925,196,MANANTAY ,2,-8.5670673,-74.4858866
1926,196,MASISEA ,2,-8.6052016,-74.3063279
1927,196,NUEVA REQUENA ,2,-8.3095052,-74.8625433
1928,196,YARINACOCHA ,2,-8.3548391,-74.5758217
